Ferrite: recalculated pole figure,  1,1,0                                      #




    2.8664    2.8664    2.8664   90.0000   90.0000   90.0000    7    1
   1  1  0   .0 90.0  5.0   .0360.0  5.0 1 1
    0   0   0   0   0   0   0   0   0   0   0   0   0   0   0   0   0   0
    0   0   0   0   0   0   0   0   0   0   0   0   0   0   0   0   0   0
    0   0   0   0   0   0   0   0   0   0   0   0   0   0   0   0   0   0
    0   0   0   0   0   0   0   0   0   0   0   0   0   0   0   0   0   0
    0   0   0   0   0   0   0   0   0   0   0   0   0   0   0   0   0   0
    0   0   0   0   0   0   0   0   0   0   0   0   0   0   0   0   0   0
    0   0   0   0   0   0   0   0   0   0   0   0   0   0   0   0   0   0
    0   0   0   0   0   0   0   0   0   0   0   0   0   0   0   0   0   0
    0   0   0   1   1   1   1   2   2   2   3   3   3   4   4   5   6   6
    6   6   6   5   4   4   3   3   3   2   2   2   1   1   1   1   0   0
    0   0   0   1   1   1   1   2   2   2   3   3   3   4   4   5   6   6
    6   6   6   5   4   4   3   3   3   2   2   2   1   1   1   1   0   0
    1   1   2   3   4   5   7   9  11  14  16  18  20  21  22  22  22  21
   21  21  22  22  22  21  20  18  16  14  11   9   7   5   4   3   2   1
    1   1   2   3   4   5   7   9  11  14  16  18  20  21  22  22  22  21
   21  21  22  22  22  21  20  18  16  14  11   9   7   5   4   3   2   1
    1   2   3   5   9  13  19  27  36  46  55  63  69  71  70  66  60  55
   52  55  60  66  70  71  69  63  55  46  36  27  19  13   9   5   3   2
    1   2   3   5   9  13  19  27  36  46  55  63  69  71  70  66  60  55
   52  55  60  66  70  71  69  63  55  46  36  27  20  13   9   5   3   2
    1   2   4   7  14  24  38  58  83 110 135 154 165 165 153 134 112  96
   90  96 112 134 153 165 165 154 135 110  83  58  38  23  14   7   4   2
    1   2   4   7  14  24  38  58  83 110 135 154 165 165 153 134 112  96
   90  96 112 134 153 165 165 154 135 110  83  58  38  24  14   7   4   2
    0   1   4   8  17  33  57  91 135 184 230 265 280 273 246 205 161 129
  116 129 161 205 246 273 280 265 231 185 135  91  57  33  17   8   4   1
    0   1   4   8  17  33  57  91 135 184 230 265 280 273 246 205 161 129
  116 129 161 205 246 273 280 265 231 185 135  91  57  33  17   8   4   1
    0   1   3   9  19  37  66 110 168 233 293 335 347 328 282 222 165 124
  110 124 165 222 282 328 347 335 294 234 168 110  66  36  19   9   3   1
    0   1   3   9  19  37  66 109 168 233 293 335 347 328 282 222 165 124
  110 124 165 222 282 328 347 335 294 234 168 110  66  37  19   9   3   1
    1   2   5  14  28  50  81 122 173 229 282 316 321 294 242 181 125  88
   74  88 125 181 242 294 321 316 282 230 173 122  81  50  28  14   5   2
    1   2   5  14  28  50  81 122 173 229 282 316 321 294 242 181 125  88
   74  88 125 181 242 294 321 317 282 230 173 122  82  50  28  14   5   2
    2   4  10  24  50  86 128 167 196 216 227 228 216 187 147 104  68  44
   36  44  67 104 147 187 216 228 227 216 196 166 128  86  50  24  10   4
    2   4  10  24  50  86 128 166 196 216 227 228 216 187 147 104  68  44
   36  44  67 104 147 187 216 228 227 216 196 166 128  86  50  24  10   4
    7   9  18  41  84 146 210 252 259 232 191 152 120  93  68  46  28  17
   13  17  28  46  68  93 120 152 191 232 258 252 209 146  84  41  18   9
    7   9  18  41  84 146 210 252 259 232 191 152 120  93  68  46  28  17
   13  17  28  46  68  93 120 152 191 232 258 252 210 146  84  41  18   9
   26  26  31  53 104 187 277 335 330 267 182 110  64  38  23  14   8   4
    2   4   8  14  23  38  64 110 182 267 330 335 277 186 104  53  31  26
   26  26  31  53 104 187 277 335 330 267 182 110  64  38  23  14   8   4
    2   4   8  14  23  38  64 110 182 267 330 335 277 187 104  53  31  26
   81  74  61  65 105 185 279 341 333 260 163  83  37  15   6   3   2   1
    1   1   2   3   6  15  37  83 162 260 333 341 279 185 105  65  61  74
   81  74  61  65 105 185 279 341 334 260 163  84  37  15   6   3   2   1
    1   1   2   3   6  15  37  83 162 259 333 341 279 185 105  65  61  74
  183 162 117  82  86 134 202 252 247 190 115  54  20   6   2   3   6   9
   11   9   6   3   2   6  20  54 114 190 247 251 202 134  86  82 117 162
  183 162 117  82  86 134 202 252 247 190 115  54  20   6   2   3   6   9
   11   9   6   3   2   6  20  54 114 190 247 251 202 134  86  82 117 162
  301 262 175  97  62  74 109 138 137 105  62  28  10   3   5  13  27  42
   48  42  27  13   5   3  10  28  62 105 137 138 109  74  63  97 175 262
  301 262 175  97  62  74 109 138 137 105  62  28  10   3   5  13  27  42
   48  42  27  13   5   3  10  28  62 105 137 138 109  74  62  97 175 262
  344 299 197 101  47  35  44  55  55  42  24  10   4   4  15  42  88 135
  155 135  88  42  15   4   4  10  24  42  55  55  44  35  47 101 197 299
  344 299 197 101  47  35  44  55  55  42  24  10   4   4  15  42  88 135
  155 135  88  42  15   4   4  10  24  42  55  55  44  35  47 101 197 299
  286 249 163  82  33  15  14  16  16  12   7   2   2   9  34  96 198 306
  353 306 198  96  34   9   2   2   7  12  16  16  14  15  33  82 163 249
  286 249 163  82  33  15  14  16  16  12   7   2   2   9  34  96 198 306
  353 306 198  96  34   9   2   2   7  12  16  16  14  15  33  82 163 249
  182 158 102  50  18   6   3   3   3   2   1   0   2  13  54 154 323 504
  585 504 323 154  54  13   2   0   1   2   3   3   3   6  18  50 102 158
  182 158 102  50  18   6   3   3   3   2   1   0   2  13  54 154 323 504
  585 504 323 154  54  13   2   0   1   2   3   3   3   6  18  50 102 158
  130 111  69  31  10   1   0   0   0   0   0   0   1  15  65 177 400 633
  759 639 372 173  50  10   2   0   0   0   0   0   0   2  12  29  66 111
  131 111  69  30   9   1   0   0   0   0   0   0   1   9  49 163 384 641
  761 641 383 163  49   9   1   0   0   0   0   0   0   1   9  31  69 111

Ferrite: recalculated pole figure,  2,0,0                                      #




    2.8664    2.8664    2.8664   90.0000   90.0000   90.0000    7    1
   2  0  0   .0 90.0  5.0   .0360.0  5.0 1 1
  269 269 269 269 269 269 269 269 269 269 269 269 269 268 268 269 269 269
  269 269 269 269 268 269 269 269 269 269 269 269 268 268 268 268 268 269
  269 269 269 268 268 269 269 269 269 269 269 269 269 269 269 269 269 269
  269 269 269 269 269 269 269 269 269 269 269 269 269 269 269 269 269 269
  352 351 349 346 342 338 333 326 315 302 288 277 270 265 262 260 258 257
  257 257 258 260 262 265 270 277 288 302 315 325 333 338 342 346 349 351
  352 351 349 346 342 338 333 325 315 302 288 277 270 265 262 260 258 257
  257 257 258 260 262 265 270 277 288 302 315 325 333 338 342 346 349 351
  587 581 563 533 498 465 436 407 374 336 298 267 243 223 202 180 162 151
  148 151 162 180 202 223 243 267 298 336 374 407 436 465 498 533 563 581
  587 581 563 533 498 465 436 407 374 336 298 267 243 223 202 180 162 151
  148 151 162 180 202 223 243 267 298 336 374 407 436 465 498 533 563 581
  693 686 665 634 594 545 490 433 376 320 266 219 179 145 117  97  83  74
   71  74  83  97 117 145 179 219 266 320 376 433 490 545 594 634 665 686
  693 686 665 634 594 545 490 433 376 320 266 220 179 145 117  97  83  74
   71  74  83  97 117 145 179 220 266 320 376 433 490 545 594 634 665 686
  621 611 585 550 509 462 407 348 289 232 180 136 101  73  53  38  29  25
   23  25  29  38  53  73 101 136 180 232 289 348 407 462 509 550 585 611
  621 611 585 550 509 462 407 348 289 232 180 136 101  73  53  38  29  25
   23  25  29  38  53  73 101 136 180 232 289 348 407 462 509 550 585 611
  410 401 379 348 313 278 241 202 163 124  90  62  42  27  17  11   8   6
    5   6   8  11  17  27  42  62  90 124 162 202 241 278 313 348 379 401
  410 401 379 348 313 278 241 202 163 124  90  62  42  27  17  11   8   6
    5   6   8  11  17  27  42  62  90 124 162 202 241 278 313 348 379 401
  198 193 179 160 140 121 103  84  65  47  32  21  12   7   4   2   1   0
    0   0   1   2   4   7  12  21  32  47  65  84 103 121 140 160 179 193
  198 193 179 160 140 121 103  84  65  47  32  21  12   7   4   2   1   0
    0   0   1   2   4   7  13  21  32  47  65  84 103 121 140 160 179 193
   64  62  58  51  44  37  31  25  19  13   8   4   2   1   0   0   0   0
    0   0   0   0   0   1   2   4   8  13  19  25  31  37  44  51  58  62
   64  62  58  51  44  37  31  25  19  13   8   4   2   1   0   0   0   0
    0   0   0   0   0   1   2   4   8  13  19  25  31  37  44  51  58  62
   16  16  14  12  10   8   6   5   3   2   1   0   0   0   0   0   0   0
    0   0   0   0   0   0   0   0   1   2   3   5   6   8  10  12  14  16
   16  16  14  12  10   8   6   5   3   2   1   0   0   0   0   0   0   0
    0   0   0   0   0   0   0   0   1   2   3   5   6   8  10  12  14  16
    2   2   1   1   1   1   0   0   0   0   0   0   0   0   0   0   0   0
    0   0   0   0   0   0   0   0   0   0   0   0   0   1   1   1   1   2
    2   2   1   1   1   1   0   0   0   0   0   0   0   0   0   0   0   0
    0   0   0   0   0   0   0   0   0   0   0   0   0   1   1   1   1   2
    0   0   0   0   0   0   0   0   1   1   1   1   0   0   0   0   0   0
    0   0   0   0   0   0   0   1   1   1   1   0   0   0   0   0   0   0
    0   0   0   0   0   0   0   0   1   1   1   1   0   0   0   0   0   0
    0   0   0   0   0   0   0   1   1   1   1   0   0   0   0   0   0   0
    0   0   0   0   0   0   2   6  10  12  12   9   5   2   0   0   0   0
    0   0   0   0   0   2   5   9  12  12  10   6   2   0   0   0   0   0
    0   0   0   0   0   0   2   6  10  12  12   9   5   2   0   0   0   0
    0   0   0   0   0   2   5   9  12  12  10   6   2   0   0   0   0   0
    0   0   0   0   1   4  14  29  46  57  53  38  21   8   2   0   0   0
    0   0   0   0   2   8  21  38  53  57  46  29  14   4   1   0   0   0
    0   0   0   0   1   4  14  29  46  57  53  38  21   8   2   0   0   0
    0   0   0   0   2   8  21  38  53  57  46  29  14   4   1   0   0   0
    0   0   0   0   3  13  40  87 141 175 165 118  64  26   8   1   0   0
    0   0   0   1   8  26  64 118 165 175 141  87  40  13   3   0   0   0
    0   0   0   0   3  13  40  87 141 175 165 118  64  26   8   1   0   0
    0   0   0   1   8  26  64 118 165 175 141  87  40  13   3   0   0   0
    0   0   0   1   7  31  90 196 315 382 350 242 126  49  14   2   0   0
    0   0   0   2  14  49 126 242 350 383 315 196  90  31   7   1   0   0
    0   0   0   1   7  31  90 195 315 382 350 242 126  49  14   2   0   0
    0   0   0   2  14  49 126 242 350 383 315 196  91  31   7   1   0   0
    0   0   0   1  11  47 140 307 501 610 556 379 193  73  20   3   0   0
    0   0   0   3  20  73 193 379 556 610 501 307 140  47  11   1   0   0
    0   0   0   1  11  47 140 307 501 610 556 379 193  73  20   3   0   0
    0   0   0   3  20  73 194 379 556 610 501 307 140  47  11   1   0   0
    0   0   0   1  11  51 156 351 585 723 664 455 232  88  24   4   0   0
    0   0   0   4  24  88 232 455 665 723 585 351 156  51  11   1   0   0
    0   0   0   1  11  51 156 351 585 723 664 455 232  88  24   4   0   0
    0   0   0   4  24  88 232 455 665 723 585 352 156  51  11   1   0   0
    0   0   0   1  10  44 140 324 549 687 634 432 217  80  21   3   0   0
    0   0   0   3  21  80 217 432 634 687 549 324 140  44  10   1   0   0
    0   0   0   1  10  44 140 323 549 687 634 432 217  80  21   3   0   0
    0   0   0   3  21  80 217 432 634 687 549 324 140  44  10   1   0   0
    0   0   0   0   5  40 113 299 499 642 580 373 191  53  11   0   0   0
    0   0   0   0  13  59 165 357 584 642 501 281  96  26   4   0   0   0
    0   0   0   0   6  32 104 267 518 642 562 399 176  70  12   0   0   0
    0   0   0   0  12  57 177 400 585 627 500 282 128  31   8   0   0   0

Ferrite: recalculated pole figure,  2,1,1                                      #




    2.8664    2.8664    2.8664   90.0000   90.0000   90.0000    7    1
   2  1  1   .0 90.0  5.0   .0360.0  5.0 1 1
   31  31  31  31  31  31  31  31  31  31  31  31  32  31  31  31  31  31
   31  31  31  31  31  31  31  31  31  31  31  31  31  31  31  31  31  31
   31  31  31  31  31  31  31  31  31  31  31  31  31  31  31  31  31  31
   31  31  31  31  31  31  31  31  31  31  31  31  31  31  31  31  31  31
   43  45  48  52  54  53  49  43  39  37  36  35  35  35  35  34  32  30
   27  24  23  23  23  24  26  29  33  36  39  40  41  42  43  43  43  43
   43  45  48  52  54  53  49  43  39  37  36  35  35  35  35  34  32  30
   27  24  23  23  23  24  26  29  33  36  39  40  41  42  43  43  43  43
  103 100  93  87  83  79  75  68  59  51  44  38  33  29  24  21  18  17
   17  18  19  22  24  27  31  35  41  48  55  62  69  76  84  92  99 103
  103 100  93  87  83  79  75  68  59  51  44  38  33  29  24  21  18  17
   17  18  19  22  24  27  31  35  41  48  55  62  69  76  84  92  99 103
  154 151 145 136 124 110  95  81  66  54  43  35  28  23  19  17  15  15
   14  15  15  17  20  24  30  38  47  57  69  83  98 113 126 138 147 153
  154 151 145 136 124 110  95  81  66  54  43  35  28  23  19  17  15  15
   14  15  15  17  20  24  30  38  47  57  69  83  98 113 126 138 147 153
  173 172 164 150 134 115  96  77  62  51  43  37  33  30  28  27  27  26
   26  26  26  27  29  32  35  39  44  51  62  78  97 118 136 151 162 170
  173 172 164 150 134 115  96  77  62  51  43  37  33  30  28  27  27  26
   26  26  26  27  29  32  35  39  44  51  62  78  97 118 136 151 162 170
  148 145 135 121 106  91  75  61  51  47  48  52  55  59  61  61  60  57
   56  56  58  60  61  60  58  54  49  47  49  58  72  90 107 122 135 144
  148 145 135 121 106  91  75  61  51  47  48  52  55  59  61  61  60  57
   56  56  58  60  61  60  58  54  49  47  49  58  72  90 107 122 135 144
  104 101  93  82  71  59  49  42  41  49  63  82 101 114 118 114 106  97
   94  97 106 114 117 112  99  82  64  50  42  42  49  59  71  82  93 101
  104 101  93  82  71  59  49  42  41  49  63  82 101 114 118 114 106  97
   94  97 106 114 117 112  99  82  64  50  42  42  49  59  71  82  93 101
   88  86  81  75  67  57  48  43  45  56  78 107 137 159 167 161 146 130
  123 129 143 159 167 159 138 109  79  57  44  42  47  56  65  74  82  87
   88  86  81  75  67  57  48  43  45  56  78 107 137 159 167 161 146 130
  123 129 143 159 167 159 138 109  79  57  44  42  47  56  65  74  82  87
  129 127 123 117 107  92  74  58  50  54  74 105 141 169 180 171 151 132
  125 133 152 171 178 168 141 106  75  55  51  60  76  92 105 115 122 127
  129 127 123 117 107  92  74  58  50  54  74 105 141 169 180 171 151 132
  125 133 152 171 178 168 141 106  75  55  51  60  76  92 105 115 122 127
  194 192 189 185 173 150 117  83  57  47  57  81 112 140 155 152 136 119
  113 121 138 152 154 138 111  80  57  48  58  83 116 147 169 182 189 193
  194 192 189 185 173 150 117  83  57  47  57  81 112 140 155 152 136 119
  113 121 138 152 154 138 111  80  57  48  58  83 116 146 169 182 189 193
  234 231 226 221 210 183 140  93  56  36  36  52  78 106 129 140 138 129
  126 131 139 141 131 108  80  53  37  38  59  96 143 183 208 220 227 232
  234 231 226 221 210 183 140  93  56  36  36  52  78 106 129 140 138 129
  126 131 139 141 131 108  80  53  37  38  59  96 142 182 208 220 227 232
  207 204 201 199 192 167 125  78  43  25  25  42  72 110 146 169 175 169
  167 173 178 169 144 108  72  43  27  27  46  81 125 166 191 201 204 206
  207 204 201 199 192 167 125  78  43  25  25  42  72 110 146 169 175 169
  167 173 178 169 144 108  72  43  27  27  46  80 125 165 191 201 204 206
  138 136 135 136 132 114  84  51  27  19  28  55  95 144 188 216 221 213
  209 216 225 219 191 147  99  57  30  21  30  52  83 112 129 136 137 138
  138 136 135 136 132 114  84  51  27  19  28  55  95 144 188 216 221 213
  209 216 225 219 191 147  99  57  30  21  30  52  83 111 129 136 137 138
   74  77  86  94  92  76  51  28  17  20  43  86 142 195 230 239 224 199
  188 201 226 241 231 193 137  80  38  19  18  30  50  70  83  86  82  76
   74  77  86  94  92  76  51  28  17  20  43  86 142 195 230 239 224 199
  188 201 226 241 231 193 137  80  38  19  18  30  50  70  83  86  82  76
   51  61  82 100  98  74  43  20  11  18  46  97 160 211 230 216 185 153
  139 150 181 215 231 212 160  95  44  17  11  20  41  68  90  93  79  60
   51  61  82 100  98  74  43  20  11  18  46  97 160 211 230 216 185 153
  139 150 181 215 231 212 160  95  44  17  11  20  41  68  90  93  79  60
   56  75 115 146 139  99  53  21  10  16  42  88 142 178 179 149 111  82
   72  84 116 157 188 184 142  83  37  13  10  25  57 101 135 137 107  71
   56  75 115 146 139  99  53  21  10  16  42  88 142 178 179 149 111  82
   72  84 116 157 188 184 142  83  37  13  10  25  57 101 135 137 107  71
   68  92 147 190 183 131  68  27   9  11  28  59  96 118 113  86  56  36
   29  35  56  88 116 121  96  58  26  10  10  28  70 130 178 183 142  91
   68  92 147 190 183 131  68  27   9  11  28  59  96 118 113  86  56  36
   29  35  56  88 116 121  96  58  26  10  10  28  70 130 178 183 142  91
   71  98 158 205 198 141  74  28   9   6  14  31  51  62  57  41  24  12
    8  12  23  41  59  65  54  33  15   6  10  32  79 146 199 201 153  95
   71  98 158 205 198 141  74  28   9   6  14  31  51  62  57  41  24  12
    8  12  23  41  59  65  54  33  15   6  10  32  79 146 199 201 153  95
   68  94 154 203 199 145  78  31   9   5  10  21  34  41  36  24  13   5
    3   5  12  24  36  41  34  21  10   5   9  31  78 145 199 202 154  94
   68  94 154 203 199 145  78  31   9   5  10  21  34  41  36  24  13   5
    3   5  12  24  36  41  34  21  10   5   9  31  78 145 199 202 154  94

Ferrite: recalculated pole figure,  2,2,0                                      #




    2.8664    2.8664    2.8664   90.0000   90.0000   90.0000    7    1
   2  2  0   .0 90.0  5.0   .0360.0  5.0 1 1
    0   0   0   0   0   0   0   0   0   0   0   0   0   0   0   0   0   0
    0   0   0   0   0   0   0   0   0   0   0   0   0   0   0   0   0   0
    0   0   0   0   0   0   0   0   0   0   0   0   0   0   0   0   0   0
    0   0   0   0   0   0   0   0   0   0   0   0   0   0   0   0   0   0
    0   0   0   0   0   0   0   0   0   0   0   0   0   0   0   0   0   0
    0   0   0   0   0   0   0   0   0   0   0   0   0   0   0   0   0   0
    0   0   0   0   0   0   0   0   0   0   0   0   0   0   0   0   0   0
    0   0   0   0   0   0   0   0   0   0   0   0   0   0   0   0   0   0
    0   0   0   1   1   1   1   2   2   2   3   3   3   4   4   5   6   6
    6   6   6   5   4   4   3   3   3   2   2   2   1   1   1   1   0   0
    0   0   0   1   1   1   1   2   2   2   3   3   3   4   4   5   6   6
    6   6   6   5   4   4   3   3   3   2   2   2   1   1   1   1   0   0
    1   1   2   3   4   5   7   9  11  14  16  18  20  21  22  22  22  21
   21  21  22  22  22  21  20  18  16  14  11   9   7   5   4   3   2   1
    1   1   2   3   4   5   7   9  11  14  16  18  20  21  22  22  22  21
   21  21  22  22  22  21  20  18  16  14  11   9   7   5   4   3   2   1
    1   2   3   5   9  13  19  27  36  46  55  63  69  71  70  66  60  55
   52  55  60  66  70  71  69  63  55  46  36  27  19  13   9   5   3   2
    1   2   3   5   9  13  19  27  36  46  55  63  69  71  70  66  60  55
   52  55  60  66  70  71  69  63  55  46  36  27  20  13   9   5   3   2
    1   2   4   7  14  24  38  58  83 110 135 154 165 165 153 134 112  96
   90  96 112 134 153 165 165 154 135 110  83  58  38  23  14   7   4   2
    1   2   4   7  14  24  38  58  83 110 135 154 165 165 153 134 112  96
   90  96 112 134 153 165 165 154 135 110  83  58  38  24  14   7   4   2
    0   1   4   8  17  33  57  91 135 184 230 265 280 273 246 205 161 129
  116 129 161 205 246 273 280 265 231 185 135  91  57  33  17   8   4   1
    0   1   4   8  17  33  57  91 135 184 230 265 280 273 246 205 161 129
  116 129 161 205 246 273 280 265 231 185 135  91  57  33  17   8   4   1
    0   1   3   9  19  37  66 110 168 233 293 335 347 328 282 222 165 124
  110 124 165 222 282 328 347 335 294 234 168 110  66  36  19   9   3   1
    0   1   3   9  19  37  66 109 168 233 293 335 347 328 282 222 165 124
  110 124 165 222 282 328 347 335 294 234 168 110  66  37  19   9   3   1
    1   2   5  14  28  50  81 122 173 229 282 316 321 294 242 181 125  88
   74  88 125 181 242 294 321 316 282 230 173 122  81  50  28  14   5   2
    1   2   5  14  28  50  81 122 173 229 282 316 321 294 242 181 125  88
   74  88 125 181 242 294 321 317 282 230 173 122  82  50  28  14   5   2
    2   4  10  24  50  86 128 167 196 216 227 228 216 187 147 104  68  44
   36  44  67 104 147 187 216 228 227 216 196 166 128  86  50  24  10   4
    2   4  10  24  50  86 128 166 196 216 227 228 216 187 147 104  68  44
   36  44  67 104 147 187 216 228 227 216 196 166 128  86  50  24  10   4
    7   9  18  41  84 146 210 252 259 232 191 152 120  93  68  46  28  17
   13  17  28  46  68  93 120 152 191 232 258 252 209 146  84  41  18   9
    7   9  18  41  84 146 210 252 259 232 191 152 120  93  68  46  28  17
   13  17  28  46  68  93 120 152 191 232 258 252 210 146  84  41  18   9
   26  26  31  53 104 187 277 335 330 267 182 110  64  38  23  14   8   4
    2   4   8  14  23  38  64 110 182 267 330 335 277 186 104  53  31  26
   26  26  31  53 104 187 277 335 330 267 182 110  64  38  23  14   8   4
    2   4   8  14  23  38  64 110 182 267 330 335 277 187 104  53  31  26
   81  74  61  65 105 185 279 341 333 260 163  83  37  15   6   3   2   1
    1   1   2   3   6  15  37  83 162 260 333 341 279 185 105  65  61  74
   81  74  61  65 105 185 279 341 334 260 163  84  37  15   6   3   2   1
    1   1   2   3   6  15  37  83 162 259 333 341 279 185 105  65  61  74
  183 162 117  82  86 134 202 252 247 190 115  54  20   6   2   3   6   9
   11   9   6   3   2   6  20  54 114 190 247 251 202 134  86  82 117 162
  183 162 117  82  86 134 202 252 247 190 115  54  20   6   2   3   6   9
   11   9   6   3   2   6  20  54 114 190 247 251 202 134  86  82 117 162
  301 262 175  97  62  74 109 138 137 105  62  28  10   3   5  13  27  42
   48  42  27  13   5   3  10  28  62 105 137 138 109  74  63  97 175 262
  301 262 175  97  62  74 109 138 137 105  62  28  10   3   5  13  27  42
   48  42  27  13   5   3  10  28  62 105 137 138 109  74  62  97 175 262
  344 299 197 101  47  35  44  55  55  42  24  10   4   4  15  42  88 135
  155 135  88  42  15   4   4  10  24  42  55  55  44  35  47 101 197 299
  344 299 197 101  47  35  44  55  55  42  24  10   4   4  15  42  88 135
  155 135  88  42  15   4   4  10  24  42  55  55  44  35  47 101 197 299
  286 249 163  82  33  15  14  16  16  12   7   2   2   9  34  96 198 306
  353 306 198  96  34   9   2   2   7  12  16  16  14  15  33  82 163 249
  286 249 163  82  33  15  14  16  16  12   7   2   2   9  34  96 198 306
  353 306 198  96  34   9   2   2   7  12  16  16  14  15  33  82 163 249
  182 158 102  50  18   6   3   3   3   2   1   0   2  13  54 154 323 504
  585 504 323 154  54  13   2   0   1   2   3   3   3   6  18  50 102 158
  182 158 102  50  18   6   3   3   3   2   1   0   2  13  54 154 323 504
  585 504 323 154  54  13   2   0   1   2   3   3   3   6  18  50 102 158
  130 111  69  31  10   1   0   0   0   0   0   0   1  15  65 177 400 633
  759 639 372 173  50  10   2   0   0   0   0   0   0   2  12  29  66 111
  131 111  69  30   9   1   0   0   0   0   0   0   1   9  49 163 384 641
  761 641 383 163  49   9   1   0   0   0   0   0   0   1   9  31  69 111

Ferrite: recalculated pole figure,  3,1,0                                      #




    2.8664    2.8664    2.8664   90.0000   90.0000   90.0000    7    1
   3  1  0   .0 90.0  5.0   .0360.0  5.0 1 1
  234 233 233 233 234 233 234 234 234 233 233 234 234 232 231 234 234 234
  233 233 234 233 232 233 234 234 233 233 233 233 232 231 231 231 232 233
  233 233 233 231 232 232 233 233 233 233 233 233 233 233 234 233 234 233
  234 234 234 233 233 233 233 234 234 234 234 233 233 233 234 233 233 234
  201 202 203 206 211 217 224 232 237 243 248 251 254 255 256 258 260 262
  262 262 260 258 256 256 254 252 249 244 238 231 224 217 211 206 203 202
  201 202 203 206 211 217 224 231 237 243 248 252 254 255 256 258 260 262
  262 262 260 258 256 255 254 252 249 244 238 232 224 217 211 206 203 202
  135 138 146 156 166 175 186 201 216 233 247 260 275 290 305 318 327 331
  333 331 327 318 305 290 275 261 247 233 216 200 186 175 166 156 146 138
  135 138 146 156 166 175 186 200 216 233 247 260 275 290 305 318 327 331
  333 331 327 318 305 290 275 260 247 233 216 200 186 175 166 156 146 138
   99  99 103 110 122 137 153 169 186 204 223 242 263 282 300 315 323 327
  328 327 323 315 300 283 263 242 223 204 186 168 152 137 122 110 103  99
   99  99 103 110 122 137 152 168 186 204 223 242 263 282 300 315 323 327
  328 327 323 315 300 282 262 242 223 204 186 168 152 137 122 110 103  99
   96  97 101 108 119 131 142 151 158 165 174 184 195 208 221 232 240 246
  248 246 240 232 221 208 196 184 174 165 158 150 141 131 119 108 101  97
   96  97 101 108 119 131 141 150 158 165 174 184 195 208 221 232 240 246
  248 246 240 232 221 208 195 184 174 165 158 150 141 131 119 108 101  97
  116 118 126 137 148 157 159 155 146 135 125 118 115 117 121 125 130 134
  135 134 130 125 121 117 116 118 125 135 146 155 159 156 148 137 126 118
  116 118 126 137 148 157 159 155 146 135 125 118 115 117 121 125 130 134
  135 134 130 125 121 117 115 118 125 135 146 155 159 156 148 137 126 118
  125 130 143 158 172 178 174 158 135 110  87  70  58  52  49  49  51  52
   52  52  51  49  49  52  59  70  87 110 135 158 173 178 172 158 143 130
  125 130 143 158 172 178 173 158 135 110  88  70  58  52  49  49  51  52
   52  52  51  49  49  52  58  70  87 110 135 158 173 178 172 158 143 130
   97 103 119 139 157 163 156 136 109  82  57  39  26  19  15  14  14  15
   15  15  14  14  15  19  26  39  57  82 109 136 156 163 157 139 119 103
   97 103 119 139 157 163 156 136 109  82  57  39  26  19  15  14  14  15
   15  15  14  14  15  19  26  39  57  82 109 136 156 163 157 139 119 103
   56  61  75  93 108 114 109  93  74  55  39  27  17  10   6   4   3   3
    3   3   3   4   6  10  17  27  39  55  74  93 109 114 108  93  75  61
   56  61  75  93 108 114 109  93  74  55  39  27  17  10   6   4   3   3
    3   3   3   4   6  10  17  27  39  55  74  93 109 114 108  93  75  61
   23  26  33  43  52  57  58  55  53  50  46  38  27  16   8   3   1   0
    0   0   1   3   8  16  27  38  46  50  53  56  58  57  52  42  33  26
   23  26  33  43  52  57  58  55  53  50  46  38  27  16   8   3   1   0
    0   0   1   3   8  16  27  38  46  50  53  56  58  57  52  42  33  26
    7   8  11  16  21  26  34  45  61  77  84  76  56  34  16   6   1   0
    0   0   1   6  16  34  56  76  84  78  62  45  34  26  21  16  11   8
    7   8  11  16  21  26  34  45  61  77  84  76  56  34  16   6   1   0
    0   0   1   6  16  34  56  76  84  78  62  45  34  26  21  16  11   8
    1   2   4   7  12  21  34  59  93 127 141 127  92  53  25   9   2   0
    0   0   2   9  25  53  92 127 142 127  94  59  34  20  12   7   4   2
    1   2   4   7  12  21  34  59  93 127 141 127  92  53  25   9   2   0
    0   0   2   9  25  53  92 128 142 127  94  59  35  20  12   7   4   2
    1   2   6  14  25  39  56  84 125 165 182 163 117  67  31  12   3   0
    0   0   3  12  31  67 117 163 183 166 126  85  56  38  25  14   6   2
    1   2   6  14  25  39  56  84 125 165 182 163 117  67  31  12   3   0
    0   0   3  12  31  67 117 164 183 166 126  85  57  39  25  14   6   2
    2   5  14  33  58  82 102 122 150 176 184 161 118  73  39  18   7   2
    0   2   7  18  39  73 118 161 184 177 150 123 102  82  57  32  14   5
    2   5  14  33  58  82 102 122 150 176 184 162 118  73  39  18   7   2
    0   2   7  18  39  73 118 162 184 177 150 123 102  82  57  32  14   5
    4   9  27  61 106 144 164 171 176 180 173 152 123  91  60  33  14   5
    2   5  14  33  60  91 123 152 173 180 176 171 164 143 105  61  27   9
    4   9  27  61 106 144 164 171 176 180 172 152 123  91  60  33  14   5
    2   5  14  33  60  91 123 152 173 180 176 170 164 143 105  61  27   9
    4  10  31  72 130 185 218 229 225 208 185 166 156 139 105  62  28  10
    4  10  28  62 105 139 155 166 184 208 224 229 218 184 129  72  31  10
    4  10  31  72 130 185 218 229 225 208 184 166 156 139 105  62  28  10
    4  10  28  62 105 139 155 166 184 208 225 229 218 184 130  72  31  10
    4   9  27  66 122 181 230 263 274 256 223 205 208 201 160  98  45  16
    7  16  45  98 161 201 208 204 222 256 274 263 230 181 121  66  27   9
    4   9  27  66 122 181 230 263 274 256 222 205 208 201 160  98  45  16
    7  16  45  98 161 201 208 205 222 255 274 262 230 181 122  66  27   9
    2   6  19  48  92 147 208 267 302 294 258 239 248 244 197 122  56  20
    9  20  56 122 198 245 247 239 258 293 301 266 207 147  92  47  19   6
    2   6  19  48  92 147 208 266 302 294 258 240 248 245 198 122  56  20
    9  20  56 122 198 245 247 239 258 293 302 266 208 147  92  47  19   6
    1   3  12  32  67 131 182 272 315 314 285 264 279 248 183 112  47  16
    6  15  52 112 201 261 269 262 271 308 308 253 159 105  62  35  13   3
    1   3  12  34  71 120 171 242 316 315 273 264 267 264 205 122  51  16
    6  16  51 123 210 267 268 260 271 309 309 253 195 118  76  33  13   3

Ferrite: recalculated pole figure,  2,2,2                                      #




    2.8664    2.8664    2.8664   90.0000   90.0000   90.0000    7    1
   2  2  2   .0 90.0  5.0   .0360.0  5.0 1 1
    0   0   0   0   0   0   0   0   0   0   0   0   0   0   0   0   0   0
    0   0   0   0   0   0   0   0   0   0   0   0   0   0   0   0   0   0
    0   0   0   0   0   0   0   0   0   0   0   0   0   0   0   0   0   0
    0   0   0   0   0   0   0   0   0   0   0   0   0   0   0   0   0   0
    0   0   0   0   0   0   0   0   0   0   0   0   0   0   0   0   0   0
    0   0   0   0   0   0   0   0   0   0   0   0   0   0   0   0   0   0
    0   0   0   0   0   0   0   0   0   0   0   0   0   0   0   0   0   0
    0   0   0   0   0   0   0   0   0   0   0   0   0   0   0   0   0   0
    2   2   2   1   1   1   0   0   0   0   0   0   0   0   0   0   0   0
    0   0   0   0   0   0   0   0   0   0   0   0   0   1   1   1   2   2
    2   2   2   1   1   1   0   0   0   0   0   0   0   0   0   0   0   0
    0   0   0   0   0   0   0   0   0   0   0   0   0   1   1   1   2   2
   14  14  12  10   8   6   4   3   2   1   0   0   0   0   0   0   0   0
    0   0   0   0   0   0   0   0   0   1   2   3   4   6   8  10  12  14
   14  14  12  10   8   6   4   3   2   1   0   0   0   0   0   0   0   0
    0   0   0   0   0   0   0   0   0   1   2   3   4   6   8  10  12  14
   54  52  46  38  30  22  15   9   5   2   1   0   0   0   0   0   0   0
    0   0   0   0   0   0   0   0   1   2   5   9  15  22  30  38  46  52
   54  52  46  38  30  22  15   9   5   2   1   0   0   0   0   0   0   0
    0   0   0   0   0   0   0   0   1   2   5   9  15  22  30  38  46  52
  158 150 130 103  76  52  32  19  10   5   2   0   0   0   0   0   0   0
    0   0   0   0   0   0   0   0   2   5  10  19  32  52  76 103 130 150
  158 150 130 103  76  52  32  19  10   5   2   0   0   0   0   0   0   0
    0   0   0   0   0   0   0   0   2   5  10  19  32  52  76 103 130 150
  322 306 262 204 143  92  53  28  13   6   2   1   2   3   5   6   7   8
    8   8   7   6   5   3   2   1   2   6  13  28  53  92 143 203 262 306
  322 306 262 204 143  92  53  28  13   6   2   1   2   3   5   6   7   8
    8   8   7   6   5   3   2   1   2   6  13  28  53  92 143 203 262 306
  477 450 378 284 191 115  63  30  13   5   3   5   9  16  23  30  35  37
   38  37  35  30  23  16   9   5   3   5  13  30  63 115 191 284 378 450
  477 450 378 284 191 115  63  30  13   5   3   5   9  16  23  30  35  37
   38  37  35  30  23  16   9   5   3   5  13  30  63 115 191 284 378 450
  522 490 404 294 189 108  54  24   9   4   5  13  28  50  75  99 115 123
  125 123 115  99  75  50  28  13   5   4   9  24  54 108 189 294 404 490
  522 490 404 294 189 108  54  24   9   4   5  13  28  50  75  99 115 123
  125 123 115  99  75  50  28  13   5   4   9  24  54 108 189 294 404 490
  430 400 322 224 136  71  33  13   5   4  10  28  62 114 178 237 277 294
  297 293 276 237 178 114  62  28  10   4   5  13  33  72 136 225 322 400
  430 400 322 224 136  71  33  13   5   4  10  28  62 114 178 237 277 294
  297 293 276 237 178 114  62  28  10   4   5  13  33  72 136 225 322 400
  276 254 199 132  75  37  15   5   2   4  14  42  99 190 302 404 470 496
  501 496 470 404 302 189  99  42  14   4   2   5  15  37  75 132 199 254
  276 254 199 132  75  37  15   5   2   4  14  42  99 189 302 404 470 496
  501 496 470 404 302 189  99  42  14   4   2   5  15  37  75 132 199 254
  207 186 136  81  40  16   6   1   0   3  13  42 108 223 373 515 604 633
  636 633 604 515 373 223 108  42  13   3   0   1   6  16  40  81 136 186
  207 186 136  81  40  16   6   1   0   3  13  42 108 223 373 515 604 633
  636 633 604 515 373 223 108  42  13   3   0   1   6  16  40  81 136 186
  286 253 175  95  41  13   3   0   0   2  10  34  92 197 338 469 544 559
  556 559 544 469 338 197  92  34  10   2   0   0   3  13  41  95 175 253
  286 253 175  95  41  13   3   0   0   2  10  34  92 197 338 469 544 559
  556 559 544 469 338 197  92  34  10   2   0   0   3  13  41  95 175 253
  438 383 256 132  51  15   3   0   0   1   5  21  58 127 220 308 357 365
  361 365 357 308 220 127  58  21   5   1   0   0   3  15  51 132 256 383
  438 383 256 132  51  15   3   0   0   1   5  21  58 127 220 308 357 365
  361 365 357 308 220 127  58  21   5   1   0   0   3  15  51 132 256 383
  522 455 301 151  57  16   3   0   0   0   1   8  25  57 103 145 169 171
  169 171 169 145 103  57  25   8   1   0   0   0   3  16  57 151 301 455
  522 455 301 151  57  16   3   0   0   0   1   8  25  57 103 145 169 171
  169 171 169 145 103  57  25   8   1   0   0   0   3  16  57 151 301 455
  455 395 258 127  46  12   2   0   0   0   0   2   8  19  35  50  59  60
   59  60  59  50  35  19   8   2   0   0   0   0   2  12  46 127 258 395
  455 395 258 127  46  12   2   0   0   0   0   2   8  19  35  50  59  60
   59  60  59  50  35  19   8   2   0   0   0   0   2  12  46 127 258 395
  287 249 161  78  28   7   1   0   0   0   0   0   1   4   8  12  14  14
   14  14  14  12   8   4   1   0   0   0   0   0   1   7  28  78 161 249
  287 249 161  78  28   7   1   0   0   0   0   0   1   4   8  12  14  14
   14  14  14  12   8   4   1   0   0   0   0   0   1   7  28  78 161 249
  140 121  77  36  12   2   0   0   0   0   0   0   0   0   1   1   2   2
    2   2   2   1   1   0   0   0   0   0   0   0   0   2  12  36  77 121
  140 121  77  36  12   2   0   0   0   0   0   0   0   0   1   1   2   2
    2   2   2   1   1   0   0   0   0   0   0   0   0   2  12  36  77 121
   87  75  47  22   7   1   0   0   0   0   0   0   0   0   0   0   0   0
    0   0   0   0   0   0   0   0   0   0   0   0   0   1   7  22  47  75
   87  75  47  22   7   1   0   0   0   0   0   0   0   0   0   0   0   0
    0   0   0   0   0   0   0   0   0   0   0   0   0   1   7  22  47  75

Ferrite: recalculated pole figure,  3,2,1                                      #




    2.8664    2.8664    2.8664   90.0000   90.0000   90.0000    7    1
   3  2  1   .0 90.0  5.0   .0360.0  5.0 1 1
   16  16  16  16  16  16  16  16  16  16  16  16  16  16  16  16  16  16
   16  16  16  16  16  16  16  16  16  16  16  16  16  16  16  16  16  16
   16  16  16  16  16  16  16  16  16  16  16  16  16  16  16  16  16  16
   16  16  16  16  16  16  16  16  16  16  16  16  16  16  16  16  16  16
   27  26  25  24  24  23  23  22  22  21  21  21  20  19  19  18  17  16
   16  16  17  18  19  19  20  21  21  21  22  22  23  23  24  24  25  26
   27  26  25  24  24  23  23  22  22  21  21  21  20  19  19  18  17  16
   16  16  17  18  19  19  20  21  21  21  22  22  23  23  24  24  25  26
   44  45  47  49  50  49  46  43  41  38  36  34  32  30  27  24  22  21
   20  21  22  24  27  30  32  34  36  38  41  43  46  49  50  49  47  45
   44  45  47  49  50  49  46  43  41  38  36  34  32  30  27  24  22  21
   20  21  22  24  27  30  32  34  36  38  41  43  46  49  50  49  47  45
   71  71  72  73  75  76  75  72  68  62  57  52  46  42  38  34  32  31
   31  31  32  34  38  42  46  52  57  62  68  72  75  76  75  73  72  71
   71  71  72  73  75  76  75  72  68  62  57  52  46  42  38  34  32  31
   31  31  32  34  38  42  46  52  57  62  68  72  75  76  75  73  72  71
   83  83  85  88  92  95  95  92  87  80  73  66  60  57  55  55  56  56
   56  56  56  55  55  57  60  66  73  80  87  92  95  95  92  88  85  83
   83  83  85  88  92  95  95  92  87  80  73  66  60  57  55  55  56  56
   56  56  56  55  55  57  60  66  73  80  87  92  95  95  92  88  85  83
   71  73  77  83  88  93  95  94  90  84  78  73  71  74  79  87  94 100
  102 100  94  87  79  74  71  73  78  84  90  94  95  93  89  83  77  73
   71  73  77  83  88  93  95  94  90  84  78  73  71  74  79  87  94 100
  102 100  94  87  79  74  71  73  78  84  90  94  95  93  88  83  77  73
   51  53  60  68  77  85  90  91  89  86  83  82  84  92 105 122 139 152
  157 152 139 122 105  92  84  82  83  86  89  91  90  85  77  68  60  53
   51  53  60  68  77  85  90  91  89  86  83  82  84  92 105 122 139 152
  157 152 139 122 105  92  84  82  83  86  89  91  90  85  77  68  60  53
   43  46  55  67  79  89  98 104 107 107 105 103 105 113 127 146 166 182
  188 182 166 146 127 113 105 103 105 107 107 104  98  89  79  67  55  46
   43  46  55  67  79  89  98 104 107 107 105 103 105 113 127 146 166 182
  188 182 166 146 127 113 105 103 105 107 107 104  98  89  79  67  55  46
   63  67  76  89 101 112 119 125 128 130 130 128 127 130 137 149 162 173
  177 173 162 149 137 130 127 128 130 130 128 125 119 112 101  89  76  67
   63  67  76  89 101 112 119 125 128 130 130 128 127 130 137 149 162 173
  177 173 162 149 137 130 127 128 130 130 128 125 119 112 101  89  76  67
  102 107 119 130 136 136 133 131 131 133 135 137 137 138 141 143 143 143
  142 143 143 143 141 138 137 137 135 133 131 131 133 136 136 130 119 107
  102 107 119 130 136 136 133 131 131 133 135 137 137 138 141 143 143 143
  142 143 143 143 141 138 137 137 135 133 131 131 133 136 136 130 119 107
  142 149 163 170 164 147 127 113 107 109 117 125 131 135 136 133 125 117
  113 117 125 133 136 135 131 125 117 109 107 113 127 147 164 170 163 149
  142 149 163 170 164 147 127 113 107 109 117 125 131 135 136 133 125 117
  113 117 125 133 136 135 131 125 117 109 107 112 127 147 164 170 163 149
  158 167 182 186 169 138 106  84  77  83  97 111 119 123 123 118 108  96
   91  96 108 118 123 123 119 111  97  83  77  84 106 138 170 186 182 167
  158 167 182 186 169 138 106  84  77  83  97 111 119 123 123 118 108  96
   91  96 108 118 123 123 119 111  97  83  77  84 106 138 169 186 182 167
  140 149 167 174 159 126  89  63  56  67  88 105 112 112 111 111 108 104
  101 104 108 111 111 112 112 105  88  67  56  63  89 126 159 174 167 149
  140 149 167 174 159 126  89  63  56  67  88 105 112 112 111 111 108 104
  101 104 108 111 111 112 112 105  88  67  56  63  89 126 159 174 167 149
   93 104 127 145 143 119  84  55  46  59  83 103 109 109 111 120 128 132
  133 132 128 120 111 108 109 103  83  59  46  55  84 119 143 145 127 104
   93 104 127 145 143 119  84  55  46  59  83 103 109 108 111 120 128 132
  133 132 128 120 111 108 109 103  83  59  46  55  84 119 143 145 127 104
   62  71  93 116 126 113  83  53  39  47  68  87  97 105 121 143 162 170
  172 170 162 143 121 105  97  87  68  47  39  53  83 113 126 116  93  71
   62  71  93 116 126 113  83  53  39  47  68  87  97 105 121 143 162 170
  172 170 162 143 121 105  97  87  68  47  39  53  83 113 126 116  93  71
   59  68  88 107 114 102  73  44  28  30  44  59  73  93 124 157 176 178
  176 178 176 157 124  93  73  59  44  30  28  44  73 102 114 107  88  68
   59  68  88 107 114 102  73  44  28  30  44  59  73  93 124 157 176 178
  176 178 176 157 124  93  73  59  44  30  28  44  73 102 114 107  88  68
   95 103 118 124 113  88  57  31  17  15  22  33  49  74 107 134 145 142
  139 142 145 134 107  74  49  33  22  15  17  31  58  88 113 124 118 103
   95 103 118 124 113  88  58  31  17  15  22  33  49  74 107 134 145 142
  139 142 145 134 107  74  49  33  22  15  17  31  57  88 113 124 118 103
  144 153 166 156 122  79  44  20   9   6   9  16  31  55  82 100 101  92
   86  92 101 100  82  55  31  16   9   6   9  20  44  80 122 156 166 153
  144 153 166 156 122  79  44  20   9   6   9  16  31  55  82 100 101  92
   86  92 101 100  82  55  31  16   9   6   9  20  44  79 122 156 166 153
  170 180 191 173 127  75  36  14   5   2   4  11  25  46  69  82  80  69
   63  69  80  82  69  46  25  11   4   2   5  14  36  75 127 173 191 180
  170 180 191 173 127  75  36  14   5   2   4  11  25  46  69  82  80  69
   63  69  80  82  69  46  24  11   4   2   5  14  36  75 127 173 191 180

Ferrite: recalculated pole figure,  4,0,0                                      #




    2.8664    2.8664    2.8664   90.0000   90.0000   90.0000    7    1
   4  0  0   .0 90.0  5.0   .0360.0  5.0 1 1
  269 269 269 269 269 269 269 269 269 269 269 269 269 268 268 269 269 269
  269 269 269 269 268 269 269 269 269 269 269 269 268 268 268 268 268 269
  269 269 269 268 268 269 269 269 269 269 269 269 269 269 269 269 269 269
  269 269 269 269 269 269 269 269 269 269 269 269 269 269 269 269 269 269
  352 351 349 346 342 338 333 326 315 302 288 277 270 265 262 260 258 257
  257 257 258 260 262 265 270 277 288 302 315 325 333 338 342 346 349 351
  352 351 349 346 342 338 333 325 315 302 288 277 270 265 262 260 258 257
  257 257 258 260 262 265 270 277 288 302 315 325 333 338 342 346 349 351
  587 581 563 533 498 465 436 407 374 336 298 267 243 223 202 180 162 151
  148 151 162 180 202 223 243 267 298 336 374 407 436 465 498 533 563 581
  587 581 563 533 498 465 436 407 374 336 298 267 243 223 202 180 162 151
  148 151 162 180 202 223 243 267 298 336 374 407 436 465 498 533 563 581
  693 686 665 634 594 545 490 433 376 320 266 219 179 145 117  97  83  74
   71  74  83  97 117 145 179 219 266 320 376 433 490 545 594 634 665 686
  693 686 665 634 594 545 490 433 376 320 266 220 179 145 117  97  83  74
   71  74  83  97 117 145 179 220 266 320 376 433 490 545 594 634 665 686
  621 611 585 550 509 462 407 348 289 232 180 136 101  73  53  38  29  25
   23  25  29  38  53  73 101 136 180 232 289 348 407 462 509 550 585 611
  621 611 585 550 509 462 407 348 289 232 180 136 101  73  53  38  29  25
   23  25  29  38  53  73 101 136 180 232 289 348 407 462 509 550 585 611
  410 401 379 348 313 278 241 202 163 124  90  62  42  27  17  11   8   6
    5   6   8  11  17  27  42  62  90 124 162 202 241 278 313 348 379 401
  410 401 379 348 313 278 241 202 163 124  90  62  42  27  17  11   8   6
    5   6   8  11  17  27  42  62  90 124 162 202 241 278 313 348 379 401
  198 193 179 160 140 121 103  84  65  47  32  21  12   7   4   2   1   0
    0   0   1   2   4   7  12  21  32  47  65  84 103 121 140 160 179 193
  198 193 179 160 140 121 103  84  65  47  32  21  12   7   4   2   1   0
    0   0   1   2   4   7  13  21  32  47  65  84 103 121 140 160 179 193
   64  62  58  51  44  37  31  25  19  13   8   4   2   1   0   0   0   0
    0   0   0   0   0   1   2   4   8  13  19  25  31  37  44  51  58  62
   64  62  58  51  44  37  31  25  19  13   8   4   2   1   0   0   0   0
    0   0   0   0   0   1   2   4   8  13  19  25  31  37  44  51  58  62
   16  16  14  12  10   8   6   5   3   2   1   0   0   0   0   0   0   0
    0   0   0   0   0   0   0   0   1   2   3   5   6   8  10  12  14  16
   16  16  14  12  10   8   6   5   3   2   1   0   0   0   0   0   0   0
    0   0   0   0   0   0   0   0   1   2   3   5   6   8  10  12  14  16
    2   2   1   1   1   1   0   0   0   0   0   0   0   0   0   0   0   0
    0   0   0   0   0   0   0   0   0   0   0   0   0   1   1   1   1   2
    2   2   1   1   1   1   0   0   0   0   0   0   0   0   0   0   0   0
    0   0   0   0   0   0   0   0   0   0   0   0   0   1   1   1   1   2
    0   0   0   0   0   0   0   0   1   1   1   1   0   0   0   0   0   0
    0   0   0   0   0   0   0   1   1   1   1   0   0   0   0   0   0   0
    0   0   0   0   0   0   0   0   1   1   1   1   0   0   0   0   0   0
    0   0   0   0   0   0   0   1   1   1   1   0   0   0   0   0   0   0
    0   0   0   0   0   0   2   6  10  12  12   9   5   2   0   0   0   0
    0   0   0   0   0   2   5   9  12  12  10   6   2   0   0   0   0   0
    0   0   0   0   0   0   2   6  10  12  12   9   5   2   0   0   0   0
    0   0   0   0   0   2   5   9  12  12  10   6   2   0   0   0   0   0
    0   0   0   0   1   4  14  29  46  57  53  38  21   8   2   0   0   0
    0   0   0   0   2   8  21  38  53  57  46  29  14   4   1   0   0   0
    0   0   0   0   1   4  14  29  46  57  53  38  21   8   2   0   0   0
    0   0   0   0   2   8  21  38  53  57  46  29  14   4   1   0   0   0
    0   0   0   0   3  13  40  87 141 175 165 118  64  26   8   1   0   0
    0   0   0   1   8  26  64 118 165 175 141  87  40  13   3   0   0   0
    0   0   0   0   3  13  40  87 141 175 165 118  64  26   8   1   0   0
    0   0   0   1   8  26  64 118 165 175 141  87  40  13   3   0   0   0
    0   0   0   1   7  31  90 196 315 382 350 242 126  49  14   2   0   0
    0   0   0   2  14  49 126 242 350 383 315 196  90  31   7   1   0   0
    0   0   0   1   7  31  90 195 315 382 350 242 126  49  14   2   0   0
    0   0   0   2  14  49 126 242 350 383 315 196  91  31   7   1   0   0
    0   0   0   1  11  47 140 307 501 610 556 379 193  73  20   3   0   0
    0   0   0   3  20  73 193 379 556 610 501 307 140  47  11   1   0   0
    0   0   0   1  11  47 140 307 501 610 556 379 193  73  20   3   0   0
    0   0   0   3  20  73 194 379 556 610 501 307 140  47  11   1   0   0
    0   0   0   1  11  51 156 351 585 723 664 455 232  88  24   4   0   0
    0   0   0   4  24  88 232 455 665 723 585 351 156  51  11   1   0   0
    0   0   0   1  11  51 156 351 585 723 664 455 232  88  24   4   0   0
    0   0   0   4  24  88 232 455 665 723 585 352 156  51  11   1   0   0
    0   0   0   1  10  44 140 324 549 687 634 432 217  80  21   3   0   0
    0   0   0   3  21  80 217 432 634 687 549 324 140  44  10   1   0   0
    0   0   0   1  10  44 140 323 549 687 634 432 217  80  21   3   0   0
    0   0   0   3  21  80 217 432 634 687 549 324 140  44  10   1   0   0
    0   0   0   0   5  40 113 299 499 642 580 373 191  53  11   0   0   0
    0   0   0   0  13  59 165 357 584 642 501 281  96  26   4   0   0   0
    0   0   0   0   6  32 104 267 518 642 562 399 176  70  12   0   0   0
    0   0   0   0  12  57 177 400 585 627 500 282 128  31   8   0   0   0


