Austenite: recalculated pole figure,  1,1,1                                    #




    3.6467    3.6467    3.6467   90.0000   90.0000   90.0000    7    1
   1  1  1   .0 90.0  5.0   .0360.0  5.0 1 1
   43  43  43  43  43  43  43  43  43  43  43  43  43  43  43  43  43  43
   43  43  43  43  43  43  43  43  43  43  43  43  43  43  43  43  43  43
   43  43  43  43  43  43  43  43  43  43  43  43  43  43  43  43  43  43
   43  43  43  43  43  43  43  43  43  43  43  43  43  43  43  43  43  43
   41  41  41  42  43  45  48  50  53  56  59  62  66  69  73  77  80  82
   83  82  80  77  73  69  66  62  59  56  53  50  48  45  43  42  41  41
   41  41  41  42  43  45  48  50  53  56  59  62  66  69  73  77  80  82
   83  82  80  77  73  69  66  62  59  56  53  50  48  45  43  42  41  41
   29  30  31  34  39  45  54  63  74  86  97 109 121 133 145 155 163 169
  171 169 163 155 145 133 122 109  97  86  74  63  54  45  39  34  31  30
   29  30  31  34  39  45  54  63  74  86  97 109 121 133 145 155 163 169
  171 169 163 155 145 133 121 109  97  86  74  63  54  45  39  34  31  30
   17  18  21  26  33  43  56  72  91 112 135 159 183 208 230 250 266 277
  280 277 266 250 230 208 183 159 135 112  91  72  56  43  33  26  21  18
   17  18  21  26  33  43  56  72  91 112 135 159 183 208 230 250 266 277
  280 277 266 250 230 208 183 159 135 112  91  72  56  43  33  26  21  18
    8   9  12  18  27  39  55  75  98 125 155 187 220 253 283 309 329 341
  346 341 329 309 283 253 220 187 155 125  98  75  55  39  27  18  12   9
    8   9  12  18  27  39  55  75  98 125 155 187 220 253 283 309 329 341
  346 341 329 309 283 253 220 187 155 125  98  75  55  39  27  18  12   9
    3   4   7  12  21  35  53  77 106 139 172 203 231 254 275 292 305 314
  317 314 305 292 275 254 231 203 172 139 106  77  53  35  21  12   7   4
    3   4   7  12  21  35  53  77 106 139 172 203 231 254 275 292 305 314
  317 314 305 292 275 254 231 203 172 139 106  77  53  35  21  12   7   4
    1   2   4  10  19  35  56  84 116 147 176 199 214 221 223 221 218 216
  215 216 218 221 223 221 214 199 176 147 116  84  56  35  19  10   4   2
    1   2   4  10  19  35  56  84 116 147 176 199 214 221 223 221 218 216
  215 216 218 221 223 221 214 199 176 147 116  84  56  35  19  10   4   2
    1   2   4  10  20  37  61  90 123 155 179 190 187 174 156 138 124 116
  113 116 124 138 156 174 187 190 179 155 123  90  61  37  20  10   4   2
    1   2   4  10  20  37  61  90 123 155 179 190 187 174 156 138 124 116
  113 116 124 138 156 174 187 190 179 155 123  90  61  37  20  10   4   2
    2   3   7  14  27  45  71 102 132 157 169 166 149 124  98  75  58  48
   45  48  58  75  98 124 149 166 169 157 132 102  71  45  27  14   7   3
    2   3   7  14  27  45  71 102 132 157 169 166 149 124  98  75  58  48
   45  48  58  75  98 124 149 166 169 157 132 102  71  45  27  14   7   3
    7   9  16  27  43  63  88 114 139 154 154 139 112  81  54  34  21  14
   12  14  21  34  54  81 112 139 154 154 139 114  88  63  43  27  16   9
    7   9  16  27  43  63  88 114 139 154 154 139 112  81  54  34  21  14
   12  14  21  34  54  81 112 139 154 154 139 114  88  63  43  27  16   9
   21  26  39  59  82 104 123 137 142 136 119  94  67  43  26  14   7   3
    2   3   7  14  26  43  67  94 119 136 142 137 123 104  82  59  39  26
   21  26  39  59  82 104 123 137 142 136 119  94  67  43  26  14   7   3
    2   3   7  14  26  43  67  94 119 136 142 137 123 104  82  59  39  26
   51  58  79 107 133 150 155 148 132 111  85  59  36  20  10   4   1   0
    0   0   1   4  10  20  36  59  85 111 132 148 155 150 133 107  79  58
   51  58  79 107 133 150 155 148 132 111  85  59  36  20  10   4   1   0
    0   0   1   4  10  20  36  59  85 111 132 148 155 150 133 107  79  58
   98 105 126 152 170 173 158 133 104  76  51  31  17   8   4   2   0   0
    0   0   0   2   4   8  17  31  51  76 104 133 158 173 170 152 126 105
   98 105 126 152 170 173 158 133 104  76  51  31  17   8   4   2   0   0
    0   0   0   2   4   8  17  31  51  76 104 133 158 173 170 152 126 105
  145 149 158 168 171 160 134 101  70  44  26  15   8   7   6   7   7   6
    6   6   7   7   6   7   8  15  26  44  70 101 134 160 171 168 158 149
  145 149 158 168 171 160 134 101  70  44  26  15   8   7   6   7   7   6
    6   6   7   7   6   7   8  15  26  44  70 101 134 160 171 168 158 149
  203 195 177 158 137 112  84  56  34  19  10   8  12  19  28  33  35  34
   34  34  35  33  28  19  12   8  10  19  34  56  84 112 137 158 177 195
  203 195 177 158 137 112  84  56  34  19  10   8  12  19  28  33  35  34
   34  34  35  33  28  19  12   8  10  19  34  56  84 112 137 158 177 195
  249 229 181 130  92  64  42  25  13   7   6  13  31  58  85 102 107 106
  105 106 107 102  85  58  31  13   6   7  13  25  42  64  92 130 180 229
  249 229 181 130  92  64  42  25  13   7   6  13  31  58  85 102 107 106
  105 106 107 102  85  58  31  13   6   7  13  25  42  64  92 130 180 229
  295 262 186 110  58  31  17   8   4   3   9  28  70 132 191 226 234 232
  231 232 234 226 191 132  70  28   9   3   4   8  17  31  58 110 186 262
  295 262 186 110  58  31  17   8   4   3   9  28  70 132 191 226 234 232
  231 232 234 226 191 132  70  28   9   3   4   8  17  31  58 110 186 262
  336 293 194  99  41  14   5   2   0   2  12  42 107 205 304 365 383 382
  380 382 383 365 304 205 107  42  12   2   0   2   5  14  41  99 194 293
  336 293 194  99  41  14   5   2   0   2  12  42 107 205 304 365 383 382
  380 382 383 365 304 205 107  42  12   2   0   2   5  14  41  99 194 293
  354 306 198  96  36  10   2   0   0   2  13  48 123 239 356 430 452 451
  448 451 453 430 356 239 123  48  13   2   0   0   2  10  36  96 198 306
  354 306 198  96  36  10   2   0   0   2  13  48 123 239 356 430 452 451
  448 451 453 430 357 239 123  48  13   2   0   0   2  10  36  96 198 306

Austenite: recalculated pole figure,  2,0,0                                    #




    3.6467    3.6467    3.6467   90.0000   90.0000   90.0000    7    1
   2  0  0   .0 90.0  5.0   .0360.0  5.0 1 1
    0   0   0   0   0   0   0   0   0   0   0   0   0   0   0   0   0   0
    0   0   0   0   0   0   0   0   0   0   0   0   0   0   0   0   0   0
    0   0   0   0   0   0   0   0   0   0   0   0   0   0   0   0   0   0
    0   0   0   0   0   0   0   0   0   0   0   0   0   0   0   0   0   0
    0   0   0   0   0   0   0   0   0   0   0   0   0   0   0   0   0   0
    0   0   0   0   0   0   0   0   0   0   0   0   0   0   0   0   0   0
    0   0   0   0   0   0   0   0   0   0   0   0   0   0   0   0   0   0
    0   0   0   0   0   0   0   0   0   0   0   0   0   0   0   0   0   0
    0   0   0   0   0   0   0   0   0   0   0   1   1   2   2   3   4   4
    4   4   4   3   2   2   1   1   0   0   0   0   0   0   0   0   0   0
    0   0   0   0   0   0   0   0   0   0   0   1   1   2   2   3   4   4
    4   4   4   3   2   2   1   1   0   0   0   0   0   0   0   0   0   0
    0   0   0   0   0   1   1   2   3   4   6   8  10  12  14  16  18  19
   19  19  18  16  14  12  10   8   6   4   3   2   1   1   0   0   0   0
    0   0   0   0   0   1   1   2   3   4   6   8  10  12  14  16  18  19
   19  19  18  16  14  12  10   8   6   4   3   2   1   1   0   0   0   0
    0   1   1   2   3   5   7  10  13  18  23  29  35  42  48  53  57  59
   60  59  57  53  48  42  35  29  23  18  13  10   7   5   3   2   1   1
    0   1   1   2   3   5   7  10  13  18  23  29  35  42  48  53  57  59
   60  59  57  53  48  42  35  29  23  18  13  10   7   5   3   2   1   1
    2   3   4   7  11  16  22  30  38  48  59  71  83  94 105 114 121 125
  127 125 121 114 105  94  83  71  59  48  38  30  22  16  11   7   4   3
    2   3   4   7  11  16  22  30  38  48  59  71  83  94 105 114 121 125
  127 125 121 114 105  94  83  71  59  48  38  30  22  16  11   7   4   3
    5   7  11  19  29  41  55  70  86 101 116 131 144 158 170 183 194 202
  205 202 194 183 170 158 144 131 116 101  86  70  55  41  29  19  11   7
    5   7  11  19  29  41  55  70  86 101 116 131 144 158 170 183 194 202
  205 202 194 183 170 158 144 131 116 101  86  70  55  41  29  19  11   7
   10  13  23  39  61  86 112 136 154 168 177 184 190 197 207 219 231 240
  243 240 231 219 207 197 190 184 177 168 154 136 112  86  61  39  23  13
   10  13  23  39  61  86 112 136 154 168 177 184 190 197 207 219 231 240
  243 240 231 219 207 197 190 184 177 168 154 136 112  86  61  39  23  13
   13  19  36  65 103 146 186 214 227 225 214 200 189 183 183 189 197 204
  207 204 197 189 183 183 188 200 214 225 227 214 186 146 103  65  36  19
   13  19  36  65 103 146 186 214 227 225 214 200 188 183 183 189 197 204
  207 204 197 189 183 183 189 200 214 225 227 214 186 146 103  65  36  19
   14  22  46  87 144 206 257 282 276 246 206 170 143 126 119 119 124 127
  129 127 124 119 119 126 142 170 206 246 276 282 256 206 144  87  46  22
   14  22  46  87 144 206 256 282 276 246 206 170 142 126 119 119 124 127
  129 127 124 119 119 126 142 170 207 246 276 282 257 206 144  87  46  22
   14  22  50  99 168 241 297 315 291 237 176 124  88  67  57  54  55  57
   57  57  55  54  57  67  88 124 176 237 291 315 297 241 167  99  50  22
   14  22  50  99 168 241 297 315 291 237 176 124  88  67  57  54  55  57
   57  57  55  54  57  67  88 124 176 237 291 315 297 241 168  99  50  22
   11  20  47  98 171 250 310 326 295 230 158  97  57  34  23  18  18  18
   18  18  18  18  23  34  57  97 158 230 295 326 310 250 171  98  47  20
   11  20  47  98 171 250 310 326 295 230 158  98  57  34  23  18  18  18
   18  18  18  18  23  34  57  97 158 230 295 326 310 250 171  98  47  20
    8  14  37  81 148 229 299 330 310 250 174 106  57  27  12   6   3   3
    3   3   3   6  12  27  57 106 174 250 310 329 299 229 148  80  37  14
    8  14  37  81 148 229 299 330 310 250 174 106  57  27  12   6   3   3
    3   3   3   6  12  27  57 106 174 250 310 329 299 229 149  80  37  14
    4   8  24  56 110 182 254 303 311 274 210 140  80  38  15   4   0   0
    0   0   0   4  15  38  80 140 210 274 311 303 254 182 110  56  24   8
    4   8  24  56 110 182 254 303 311 274 210 140  80  38  15   4   0   0
    0   0   0   4  15  38  80 140 210 274 311 303 254 182 110  56  24   8
    1   3  11  30  65 119 184 244 280 279 243 183 115  59  24   7   1   0
    0   0   1   7  24  59 115 183 243 279 280 244 184 119  65  30  11   3
    1   3  11  30  65 119 184 244 280 279 243 183 115  59  24   7   1   0
    0   0   1   7  24  59 115 183 243 279 280 244 184 119  65  30  11   3
    0   1   4  13  31  62 107 161 212 248 251 215 149  81  34  10   1   0
    0   0   1  10  34  81 149 215 251 248 212 161 107  62  31  13   4   1
    0   1   4  13  31  62 107 161 212 248 251 215 149  81  34  10   1   0
    0   0   1  10  34  81 149 215 251 248 212 161 107  62  31  13   4   1
    0   0   1   4  11  25  51  91 147 208 248 238 177 101  43  13   2   0
    0   0   2  13  43 101 177 238 248 208 147  91  51  25  11   4   1   0
    0   0   1   4  11  25  51  91 147 208 248 238 177 101  43  13   2   0
    0   0   2  13  43 101 177 238 248 208 147  91  51  25  11   4   1   0
    0   0   0   0   2   8  22  52 106 179 241 251 199 118  52  17   3   0
    0   0   3  17  52 118 199 251 241 179 106  52  22   8   2   0   0   0
    0   0   0   0   2   8  22  52 106 179 241 251 199 118  52  17   3   0
    0   0   3  17  52 118 199 251 241 179 106  52  22   8   2   0   0   0
    0   0   0   0   0   4  11  39  83 169 255 272 218 107  40  11   2   0
    0   0   3  12  49 122 205 266 254 169  83  33   9   2   0   0   0   0
    0   0   0   0   0   4  10  31  93 169 256 272 213 130  46  12   2   0
    0   0   2  12  46 118 213 272 254 159  83  33  13   3   0   0   0   0

Austenite: recalculated pole figure,  2,2,0                                    #




    3.6467    3.6467    3.6467   90.0000   90.0000   90.0000    7    1
   2  2  0   .0 90.0  5.0   .0360.0  5.0 1 1
  245 245 244 244 244 245 245 245 244 244 244 244 245 244 244 244 244 244
  244 244 244 244 244 244 244 244 244 244 244 244 244 243 244 244 244 244
  244 244 244 244 244 244 244 244 244 244 244 244 245 245 245 245 245 244
  245 244 245 245 244 244 245 245 245 244 245 244 244 244 244 244 244 244
  228 228 228 228 228 228 227 226 224 221 218 216 214 212 212 211 211 211
  211 211 211 211 212 212 214 216 218 221 224 226 227 227 228 228 228 228
  228 228 228 228 228 228 227 226 224 221 218 216 214 212 212 211 211 211
  211 211 211 211 212 212 214 216 218 221 224 226 227 228 228 228 228 228
  213 213 211 208 205 202 198 193 186 179 172 165 158 152 146 141 136 132
  131 132 136 141 146 152 158 165 172 179 186 193 198 202 205 208 211 213
  213 213 211 208 205 202 198 193 186 179 172 165 158 152 146 141 136 132
  131 132 136 141 146 152 158 165 172 179 186 193 198 202 205 208 211 213
  215 213 208 200 190 179 167 154 141 128 116 104  94  86  79  73  68  65
   65  65  68  73  79  86  94 104 116 128 141 154 167 179 190 200 208 213
  215 213 208 200 190 179 167 154 141 128 116 104  94  86  79  73  68  65
   65  65  68  73  79  86  94 104 116 128 141 154 167 179 190 200 208 213
  247 243 232 214 192 169 145 123 103  85  70  58  47  39  32  28  24  23
   22  23  24  28  32  39  47  58  70  85 103 123 145 169 192 214 232 243
  247 243 232 214 192 169 145 123 103  85  70  58  47  39  32  28  24  23
   22  23  24  28  32  39  47  58  70  85 103 123 145 169 192 214 232 243
  285 278 258 229 194 159 126  98  74  55  40  29  21  15  11   8   7   6
    6   6   7   8  11  15  21  29  40  55  74  98 126 159 194 229 258 278
  285 278 258 229 194 159 126  98  74  55  40  29  21  15  11   8   7   6
    6   6   7   8  11  15  21  29  40  55  74  98 126 159 194 229 258 278
  295 286 261 225 184 142 104  73  49  32  20  12   7   5   4   3   4   4
    4   4   4   3   4   5   7  12  20  32  49  73 104 142 184 225 261 286
  295 286 261 225 184 142 104  73  49  32  20  12   7   5   4   3   4   4
    4   4   4   3   4   5   7  12  20  32  49  73 104 142 184 225 261 286
  261 253 231 198 158 119  83  53  32  18  10   5   3   4   6  10  14  17
   18  17  14  10   6   4   3   5  10  18  32  53  83 119 158 198 231 253
  261 253 231 198 158 119  83  53  32  18  10   5   3   4   6  10  14  17
   18  17  14  10   6   4   3   5  10  18  32  53  83 119 158 198 231 253
  198 194 180 158 129  96  65  40  22  11   5   3   5  10  19  32  46  58
   63  58  46  32  19  10   5   3   5  11  22  40  65  96 129 158 180 194
  198 194 180 158 129  96  65  40  22  11   5   3   5  10  19  32  46  58
   63  58  46  32  19  10   5   3   5  11  22  40  65  96 129 158 180 194
  131 132 132 125 109  85  58  34  17   8   4   4  10  23  46  78 116 146
  158 146 116  79  46  23  10   4   4   8  17  34  58  85 109 125 132 132
  131 132 132 125 109  85  58  34  17   8   4   4  10  23  46  78 116 146
  158 146 116  79  46  23  10   4   4   8  17  34  58  85 109 125 132 132
   88  93 104 111 104  84  57  33  16   7   4   7  18  41  82 143 214 273
  297 273 214 143  82  41  18   7   4   7  16  33  57  84 104 111 104  93
   88  93 104 111 104  84  57  33  16   7   4   7  18  41  82 143 214 273
  297 273 214 143  82  41  18   7   4   7  16  33  57  84 104 111 104  93
   63  71  91 107 108  90  61  35  18  10  11  17  31  61 115 197 294 377
  410 377 294 197 115  61  32  17  11  10  18  35  61  90 108 107  91  71
   63  71  91 107 108  90  61  35  18  10  11  17  31  61 115 197 294 377
  410 377 294 197 115  61  31  17  11  10  18  35  61  90 108 107  91  71
   51  61  84 106 111  94  66  39  24  21  26  37  54  84 137 217 314 397
  430 397 314 217 137  84  54  37  26  21  24  39  66  94 111 106  84  61
   51  61  84 106 111  94  66  39  24  21  26  37  54  84 137 217 314 397
  430 397 314 217 137  84  54  37  26  21  24  39  66  94 111 106  84  61
   46  56  80 102 105  89  63  43  36  41  54  70  87 107 141 195 264 324
  348 324 264 195 141 107  87  70  54  41  36  43  63  89 105 102  80  56
   46  56  80 102 105  89  63  43  36  41  54  70  87 107 141 195 264 324
  348 324 264 195 141 107  87  70  54  41  36  43  63  89 105 102  80  56
   56  64  82  98  98  84  67  58  61  73  89 105 115 120 129 149 178 205
  216 205 178 149 129 120 115 105  89  73  62  58  67  84  98  98  82  64
   56  64  82  98  98  84  67  58  61  73  89 105 115 120 129 149 178 205
  216 205 178 149 129 120 115 105  89  73  62  58  67  84  98  98  82  64
   88  91  98 100  93  81  76  82  93 103 113 119 118 109  99  95  98 102
  105 102  98  95  99 109 118 119 113 103  93  82  76  81  92 100  98  91
   88  91  98 100  93  81  76  82  93 103 113 119 118 109  99  95  98 102
  105 102  98  95  99 109 118 119 113 103  93  82  76  81  93 100  98  91
  144 138 126 109  93  88  99 117 128 125 116 105  93  77  61  50  43  39
   38  39  43  50  61  77  93 105 116 125 128 117  99  88  93 109 126 138
  144 138 126 109  93  88  99 117 128 125 116 105  93  77  61  50  43  39
   38  39  43  50  61  77  93 105 116 125 128 117  99  88  94 109 126 138
  204 190 157 120  95  96 122 151 158 138 108  83  64  48  33  22  16  11
   10  11  16  22  33  48  64  83 108 138 158 151 122  96  95 120 157 190
  204 190 157 120  95  96 122 151 158 138 108  84  64  48  33  22  16  11
   10  11  16  22  33  48  64  84 108 138 158 151 122  96  95 120 157 190
  243 221 170 120  90 101 136 176 176 138  91  60  42  25  16  10   5   5
    3   5   6  10  16  26  38  57  91 138 176 176 128  96  99 122 173 224
  244 224 173 120  90  97 131 171 172 138  87  63  40  28  16  10   6   5
    3   5   6  10  16  26  40  63  91 142 176 176 142  98  93 122 173 224

Austenite: recalculated pole figure,  3,1,1                                    #




    3.6467    3.6467    3.6467   90.0000   90.0000   90.0000    7    1
   3  1  1   .0 90.0  5.0   .0360.0  5.0 1 1
   81  81  81  81  81  81  82  82  81  81  81  81  81  80  81  82  82  82
   82  81  81  81  81  81  81  81  81  82  82  82  81  81  81  81  81  81
   81  81  81  81  81  81  81  81  81  81  81  81  81  81  81  81  81  81
   82  81  82  81  82  82  81  81  81  82  82  82  82  81  82  82  81  82
   84  83  82  82  82  83  83  83  83  83  83  83  83  83  83  84  85  86
   88  89  90  90  90  89  87  86  84  83  83  84  85  86  87  88  87  86
   84  83  82  82  82  83  83  83  83  83  83  83  83  83  83  84  85  86
   88  89  90  90  90  89  87  86  84  83  83  84  85  87  87  88  87  86
   85  85  84  82  80  80  80  81  83  83  83  84  84  85  86  87  87  86
   85  85  84  83  83  84  84  84  83  83  82  82  81  80  80  81  83  84
   85  85  84  82  80  80  80  81  83  83  83  84  84  85  86  87  87  86
   85  85  84  83  83  84  84  84  83  83  82  82  81  81  80  81  83  84
   85  85  83  81  80  79  78  78  78  78  79  80  80  80  80  79  79  78
   78  78  78  78  77  76  75  74  74  74  74  75  75  77  79  81  83  85
   85  85  83  81  80  79  78  78  78  78  79  80  80  80  80  79  79  78
   78  78  78  78  77  76  75  74  74  74  74  74  76  77  79  81  83  85
   93  92  88  85  81  77  75  74  74  75  77  79  80  81  81  80  79  78
   78  78  78  77  76  74  72  70  68  67  67  68  70  74  79  85  89  92
   93  92  88  85  81  77  75  74  74  75  77  79  80  81  81  80  79  78
   78  78  78  77  76  74  72  70  69  67  67  68  70  74  79  85  89  92
  106 104  98  91  83  78  75  75  78  82  87  92  95  96  96  94  93  92
   92  92  93  92  92  90  87  83  78  73  69  67  68  73  80  89  98 104
  106 104  98  91  83  78  75  75  78  82  87  92  95  96  96  94  93  92
   92  92  93  92  92  90  87  83  78  73  69  67  68  73  80  89  98 104
  116 113 104  93  83  77  77  83  92 104 114 121 124 122 120 116 113 111
  110 111 112 114 117 119 119 116 109  99  87  78  73  73  80  90 103 112
  116 113 104  93  83  77  77  82  92 104 114 121 124 123 120 116 113 111
  110 111 112 114 117 119 119 116 109  99  87  78  73  73  80  90 103 112
  119 114 103  89  79  76  82  96 115 134 148 154 152 144 133 123 115 111
  109 111 115 123 133 143 151 154 148 133 113  93  78  73  76  87 102 114
  119 114 103  89  79  76  81  96 115 134 148 154 152 144 133 123 115 111
  109 111 115 123 133 143 151 154 148 133 113  93  78  73  76  87 102 114
  115 110  98  84  74  74  84 104 129 153 169 172 163 145 125 108  95  88
   86  88  96 109 127 148 166 176 173 156 130 103  82  71  72  82  97 110
  115 110  98  84  74  74  84 104 129 153 169 172 163 145 125 108  95  88
   86  88  96 109 127 148 166 176 173 156 130 103  82  71  72  82  97 110
  114 110  99  86  76  75  83 101 125 149 164 165 151 128 103  82  69  62
   60  62  70  84 106 133 158 172 171 154 127 101  82  73  74  84  98 109
  114 110  99  86  76  75  83 101 125 149 164 165 151 128 103  82  69  62
   60  62  70  84 106 133 158 172 171 154 127 101  82  73  74  84  98 109
  122 119 110  98  87  79  78  86 104 126 144 149 138 115  89  69  57  51
   50  51  57  70  91 117 142 154 150 131 107  88  78  78  86  97 109 118
  122 119 110  98  87  79  78  86 104 126 144 149 138 115  89  69  57  51
   50  51  57  70  91 117 142 154 150 131 107  88  78  78  86  97 109 118
  127 127 125 117 103  87  74  72  85 110 135 147 140 117  90  70  59  56
   56  56  59  70  89 116 139 147 135 111  86  72  74  86 102 115 123 126
  127 127 125 117 103  87  74  72  85 110 135 147 140 117  90  70  59  56
   56  56  59  70  89 116 139 147 135 111  86  72  74  86 102 115 123 126
  119 123 130 129 116  94  73  65  77 108 142 160 154 129  99  76  65  63
   63  63  67  78 101 130 154 159 140 107  78  66  75  96 118 130 129 123
  119 123 130 129 116  94  73  65  77 108 142 160 154 129  99  76  65  63
   63  63  67  78 101 130 154 159 140 107  78  66  75  96 118 130 129 123
   96 104 119 128 120  98  74  63  76 111 152 177 172 142 107  80  65  60
   59  61  67  82 108 141 169 175 153 114  79  65  75  99 121 128 119 103
   96 104 119 128 120  98  74  63  76 111 152 177 172 142 107  80  65  60
   59  61  67  82 108 141 169 175 153 114  79  65  75  99 121 128 119 103
   64  74  95 112 114 100  81  70  82 114 152 174 168 141 108  81  63  54
   51  54  65  82 108 139 164 169 149 114  84  73  83 101 114 112  94  73
   64  74  95 112 114 100  81  70  82 114 152 174 168 141 108  81  63  54
   51  54  65  82 108 139 164 169 149 114  84  73  83 101 114 112  94  73
   40  49  71  93 107 107  98  88  90 108 130 144 141 126 106  87  70  56
   51  57  70  86 104 122 136 138 125 105  91  90  99 108 108  94  71  49
   40  49  71  93 107 107  98  88  90 108 130 144 141 126 106  87  70  56
   51  57  70  86 104 122 136 138 125 105  91  90  99 108 108  94  71  49
   24  32  53  81 107 124 125 114 103 100 105 109 107 104 100  94  81  67
   61  67  81  91  95  98 101 103 100  97 102 115 127 126 110  83  55  33
   24  32  53  81 107 124 125 114 103 100 105 109 107 104 100  94  81  67
   61  67  81  91  95  98 101 103 100  97 102 115 127 126 110  83  55  33
   17  24  45  78 117 149 160 146 119  94  78  71  71  78  90  99  95  83
   76  82  94  96  87  76  70  71  79  95 120 148 161 150 117  78  45  24
   17  24  45  78 117 149 160 146 119  94  78  71  71  78  90  99  95  83
   76  82  94  96  87  76  70  71  79  95 120 148 161 150 117  78  45  24
   14  21  42  77 121 161 176 162 128  94  71  59  57  67  84  98 100  89
   83  89 100  98  84  67  57  59  71  94 128 162 176 161 122  77  42  21
   14  21  42  77 121 161 176 162 128  94  71  59  57  67  84  98 100  89
   83  89 100  98  84  67  57  59  71  94 128 162 176 161 122  77  42  21

Austenite: recalculated pole figure,  2,2,2                                    #




    3.6467    3.6467    3.6467   90.0000   90.0000   90.0000    7    1
   2  2  2   .0 90.0  5.0   .0360.0  5.0 1 1
   43  43  43  43  43  43  43  43  43  43  43  43  43  43  43  43  43  43
   43  43  43  43  43  43  43  43  43  43  43  43  43  43  43  43  43  43
   43  43  43  43  43  43  43  43  43  43  43  43  43  43  43  43  43  43
   43  43  43  43  43  43  43  43  43  43  43  43  43  43  43  43  43  43
   41  41  41  42  43  45  48  50  53  56  59  62  66  69  73  77  80  82
   83  82  80  77  73  69  66  62  59  56  53  50  48  45  43  42  41  41
   41  41  41  42  43  45  48  50  53  56  59  62  66  69  73  77  80  82
   83  82  80  77  73  69  66  62  59  56  53  50  48  45  43  42  41  41
   29  30  31  34  39  45  54  63  74  86  97 109 121 133 145 155 163 169
  171 169 163 155 145 133 122 109  97  86  74  63  54  45  39  34  31  30
   29  30  31  34  39  45  54  63  74  86  97 109 121 133 145 155 163 169
  171 169 163 155 145 133 121 109  97  86  74  63  54  45  39  34  31  30
   17  18  21  26  33  43  56  72  91 112 135 159 183 208 230 250 266 277
  280 277 266 250 230 208 183 159 135 112  91  72  56  43  33  26  21  18
   17  18  21  26  33  43  56  72  91 112 135 159 183 208 230 250 266 277
  280 277 266 250 230 208 183 159 135 112  91  72  56  43  33  26  21  18
    8   9  12  18  27  39  55  75  98 125 155 187 220 253 283 309 329 341
  346 341 329 309 283 253 220 187 155 125  98  75  55  39  27  18  12   9
    8   9  12  18  27  39  55  75  98 125 155 187 220 253 283 309 329 341
  346 341 329 309 283 253 220 187 155 125  98  75  55  39  27  18  12   9
    3   4   7  12  21  35  53  77 106 139 172 203 231 254 275 292 305 314
  317 314 305 292 275 254 231 203 172 139 106  77  53  35  21  12   7   4
    3   4   7  12  21  35  53  77 106 139 172 203 231 254 275 292 305 314
  317 314 305 292 275 254 231 203 172 139 106  77  53  35  21  12   7   4
    1   2   4  10  19  35  56  84 116 147 176 199 214 221 223 221 218 216
  215 216 218 221 223 221 214 199 176 147 116  84  56  35  19  10   4   2
    1   2   4  10  19  35  56  84 116 147 176 199 214 221 223 221 218 216
  215 216 218 221 223 221 214 199 176 147 116  84  56  35  19  10   4   2
    1   2   4  10  20  37  61  90 123 155 179 190 187 174 156 138 124 116
  113 116 124 138 156 174 187 190 179 155 123  90  61  37  20  10   4   2
    1   2   4  10  20  37  61  90 123 155 179 190 187 174 156 138 124 116
  113 116 124 138 156 174 187 190 179 155 123  90  61  37  20  10   4   2
    2   3   7  14  27  45  71 102 132 157 169 166 149 124  98  75  58  48
   45  48  58  75  98 124 149 166 169 157 132 102  71  45  27  14   7   3
    2   3   7  14  27  45  71 102 132 157 169 166 149 124  98  75  58  48
   45  48  58  75  98 124 149 166 169 157 132 102  71  45  27  14   7   3
    7   9  16  27  43  63  88 114 139 154 154 139 112  81  54  34  21  14
   12  14  21  34  54  81 112 139 154 154 139 114  88  63  43  27  16   9
    7   9  16  27  43  63  88 114 139 154 154 139 112  81  54  34  21  14
   12  14  21  34  54  81 112 139 154 154 139 114  88  63  43  27  16   9
   21  26  39  59  82 104 123 137 142 136 119  94  67  43  26  14   7   3
    2   3   7  14  26  43  67  94 119 136 142 137 123 104  82  59  39  26
   21  26  39  59  82 104 123 137 142 136 119  94  67  43  26  14   7   3
    2   3   7  14  26  43  67  94 119 136 142 137 123 104  82  59  39  26
   51  58  79 107 133 150 155 148 132 111  85  59  36  20  10   4   1   0
    0   0   1   4  10  20  36  59  85 111 132 148 155 150 133 107  79  58
   51  58  79 107 133 150 155 148 132 111  85  59  36  20  10   4   1   0
    0   0   1   4  10  20  36  59  85 111 132 148 155 150 133 107  79  58
   98 105 126 152 170 173 158 133 104  76  51  31  17   8   4   2   0   0
    0   0   0   2   4   8  17  31  51  76 104 133 158 173 170 152 126 105
   98 105 126 152 170 173 158 133 104  76  51  31  17   8   4   2   0   0
    0   0   0   2   4   8  17  31  51  76 104 133 158 173 170 152 126 105
  145 149 158 168 171 160 134 101  70  44  26  15   8   7   6   7   7   6
    6   6   7   7   6   7   8  15  26  44  70 101 134 160 171 168 158 149
  145 149 158 168 171 160 134 101  70  44  26  15   8   7   6   7   7   6
    6   6   7   7   6   7   8  15  26  44  70 101 134 160 171 168 158 149
  203 195 177 158 137 112  84  56  34  19  10   8  12  19  28  33  35  34
   34  34  35  33  28  19  12   8  10  19  34  56  84 112 137 158 177 195
  203 195 177 158 137 112  84  56  34  19  10   8  12  19  28  33  35  34
   34  34  35  33  28  19  12   8  10  19  34  56  84 112 137 158 177 195
  249 229 181 130  92  64  42  25  13   7   6  13  31  58  85 102 107 106
  105 106 107 102  85  58  31  13   6   7  13  25  42  64  92 130 180 229
  249 229 181 130  92  64  42  25  13   7   6  13  31  58  85 102 107 106
  105 106 107 102  85  58  31  13   6   7  13  25  42  64  92 130 180 229
  295 262 186 110  58  31  17   8   4   3   9  28  70 132 191 226 234 232
  231 232 234 226 191 132  70  28   9   3   4   8  17  31  58 110 186 262
  295 262 186 110  58  31  17   8   4   3   9  28  70 132 191 226 234 232
  231 232 234 226 191 132  70  28   9   3   4   8  17  31  58 110 186 262
  336 293 194  99  41  14   5   2   0   2  12  42 107 205 304 365 383 382
  380 382 383 365 304 205 107  42  12   2   0   2   5  14  41  99 194 293
  336 293 194  99  41  14   5   2   0   2  12  42 107 205 304 365 383 382
  380 382 383 365 304 205 107  42  12   2   0   2   5  14  41  99 194 293
  354 306 198  96  36  10   2   0   0   2  13  48 123 239 356 430 452 451
  448 451 453 430 356 239 123  48  13   2   0   0   2  10  36  96 198 306
  354 306 198  96  36  10   2   0   0   2  13  48 123 239 356 430 452 451
  448 451 453 430 357 239 123  48  13   2   0   0   2  10  36  96 198 306

Austenite: recalculated pole figure,  4,0,0                                    #




    3.6467    3.6467    3.6467   90.0000   90.0000   90.0000    7    1
   4  0  0   .0 90.0  5.0   .0360.0  5.0 1 1
    0   0   0   0   0   0   0   0   0   0   0   0   0   0   0   0   0   0
    0   0   0   0   0   0   0   0   0   0   0   0   0   0   0   0   0   0
    0   0   0   0   0   0   0   0   0   0   0   0   0   0   0   0   0   0
    0   0   0   0   0   0   0   0   0   0   0   0   0   0   0   0   0   0
    0   0   0   0   0   0   0   0   0   0   0   0   0   0   0   0   0   0
    0   0   0   0   0   0   0   0   0   0   0   0   0   0   0   0   0   0
    0   0   0   0   0   0   0   0   0   0   0   0   0   0   0   0   0   0
    0   0   0   0   0   0   0   0   0   0   0   0   0   0   0   0   0   0
    0   0   0   0   0   0   0   0   0   0   0   1   1   2   2   3   4   4
    4   4   4   3   2   2   1   1   0   0   0   0   0   0   0   0   0   0
    0   0   0   0   0   0   0   0   0   0   0   1   1   2   2   3   4   4
    4   4   4   3   2   2   1   1   0   0   0   0   0   0   0   0   0   0
    0   0   0   0   0   1   1   2   3   4   6   8  10  12  14  16  18  19
   19  19  18  16  14  12  10   8   6   4   3   2   1   1   0   0   0   0
    0   0   0   0   0   1   1   2   3   4   6   8  10  12  14  16  18  19
   19  19  18  16  14  12  10   8   6   4   3   2   1   1   0   0   0   0
    0   1   1   2   3   5   7  10  13  18  23  29  35  42  48  53  57  59
   60  59  57  53  48  42  35  29  23  18  13  10   7   5   3   2   1   1
    0   1   1   2   3   5   7  10  13  18  23  29  35  42  48  53  57  59
   60  59  57  53  48  42  35  29  23  18  13  10   7   5   3   2   1   1
    2   3   4   7  11  16  22  30  38  48  59  71  83  94 105 114 121 125
  127 125 121 114 105  94  83  71  59  48  38  30  22  16  11   7   4   3
    2   3   4   7  11  16  22  30  38  48  59  71  83  94 105 114 121 125
  127 125 121 114 105  94  83  71  59  48  38  30  22  16  11   7   4   3
    5   7  11  19  29  41  55  70  86 101 116 131 144 158 170 183 194 202
  205 202 194 183 170 158 144 131 116 101  86  70  55  41  29  19  11   7
    5   7  11  19  29  41  55  70  86 101 116 131 144 158 170 183 194 202
  205 202 194 183 170 158 144 131 116 101  86  70  55  41  29  19  11   7
   10  13  23  39  61  86 112 136 154 168 177 184 190 197 207 219 231 240
  243 240 231 219 207 197 190 184 177 168 154 136 112  86  61  39  23  13
   10  13  23  39  61  86 112 136 154 168 177 184 190 197 207 219 231 240
  243 240 231 219 207 197 190 184 177 168 154 136 112  86  61  39  23  13
   13  19  36  65 103 146 186 214 227 225 214 200 189 183 183 189 197 204
  207 204 197 189 183 183 188 200 214 225 227 214 186 146 103  65  36  19
   13  19  36  65 103 146 186 214 227 225 214 200 188 183 183 189 197 204
  207 204 197 189 183 183 189 200 214 225 227 214 186 146 103  65  36  19
   14  22  46  87 144 206 257 282 276 246 206 170 143 126 119 119 124 127
  129 127 124 119 119 126 142 170 206 246 276 282 256 206 144  87  46  22
   14  22  46  87 144 206 256 282 276 246 206 170 142 126 119 119 124 127
  129 127 124 119 119 126 142 170 207 246 276 282 257 206 144  87  46  22
   14  22  50  99 168 241 297 315 291 237 176 124  88  67  57  54  55  57
   57  57  55  54  57  67  88 124 176 237 291 315 297 241 167  99  50  22
   14  22  50  99 168 241 297 315 291 237 176 124  88  67  57  54  55  57
   57  57  55  54  57  67  88 124 176 237 291 315 297 241 168  99  50  22
   11  20  47  98 171 250 310 326 295 230 158  97  57  34  23  18  18  18
   18  18  18  18  23  34  57  97 158 230 295 326 310 250 171  98  47  20
   11  20  47  98 171 250 310 326 295 230 158  98  57  34  23  18  18  18
   18  18  18  18  23  34  57  97 158 230 295 326 310 250 171  98  47  20
    8  14  37  81 148 229 299 330 310 250 174 106  57  27  12   6   3   3
    3   3   3   6  12  27  57 106 174 250 310 329 299 229 148  80  37  14
    8  14  37  81 148 229 299 330 310 250 174 106  57  27  12   6   3   3
    3   3   3   6  12  27  57 106 174 250 310 329 299 229 149  80  37  14
    4   8  24  56 110 182 254 303 311 274 210 140  80  38  15   4   0   0
    0   0   0   4  15  38  80 140 210 274 311 303 254 182 110  56  24   8
    4   8  24  56 110 182 254 303 311 274 210 140  80  38  15   4   0   0
    0   0   0   4  15  38  80 140 210 274 311 303 254 182 110  56  24   8
    1   3  11  30  65 119 184 244 280 279 243 183 115  59  24   7   1   0
    0   0   1   7  24  59 115 183 243 279 280 244 184 119  65  30  11   3
    1   3  11  30  65 119 184 244 280 279 243 183 115  59  24   7   1   0
    0   0   1   7  24  59 115 183 243 279 280 244 184 119  65  30  11   3
    0   1   4  13  31  62 107 161 212 248 251 215 149  81  34  10   1   0
    0   0   1  10  34  81 149 215 251 248 212 161 107  62  31  13   4   1
    0   1   4  13  31  62 107 161 212 248 251 215 149  81  34  10   1   0
    0   0   1  10  34  81 149 215 251 248 212 161 107  62  31  13   4   1
    0   0   1   4  11  25  51  91 147 208 248 238 177 101  43  13   2   0
    0   0   2  13  43 101 177 238 248 208 147  91  51  25  11   4   1   0
    0   0   1   4  11  25  51  91 147 208 248 238 177 101  43  13   2   0
    0   0   2  13  43 101 177 238 248 208 147  91  51  25  11   4   1   0
    0   0   0   0   2   8  22  52 106 179 241 251 199 118  52  17   3   0
    0   0   3  17  52 118 199 251 241 179 106  52  22   8   2   0   0   0
    0   0   0   0   2   8  22  52 106 179 241 251 199 118  52  17   3   0
    0   0   3  17  52 118 199 251 241 179 106  52  22   8   2   0   0   0
    0   0   0   0   0   4  11  39  83 169 255 272 218 107  40  11   2   0
    0   0   3  12  49 122 205 266 254 169  83  33   9   2   0   0   0   0
    0   0   0   0   0   4  10  31  93 169 256 272 213 130  46  12   2   0
    0   0   2  12  46 118 213 272 254 159  83  33  13   3   0   0   0   0

Austenite: recalculated pole figure,  3,3,1                                    #




    3.6467    3.6467    3.6467   90.0000   90.0000   90.0000    7    1
   3  3  1   .0 90.0  5.0   .0360.0  5.0 1 1
  162 161 161 161 161 161 162 162 162 161 161 162 162 161 161 161 161 161
  161 161 161 161 160 160 161 161 161 161 161 161 160 159 159 160 160 161
  161 161 161 160 160 160 161 161 161 161 161 161 162 161 162 162 162 161
  162 161 162 162 161 161 162 162 162 162 162 161 161 161 161 161 161 161
  156 157 160 162 164 164 162 160 159 159 158 158 157 156 156 156 157 158
  158 158 157 156 156 156 157 158 158 158 159 160 162 163 164 162 160 157
  156 157 160 162 164 164 162 160 159 159 158 158 157 156 156 156 157 158
  158 158 157 156 156 156 157 158 158 158 159 160 162 163 164 162 160 157
  171 170 167 165 163 161 159 157 155 154 153 152 150 146 143 139 137 135
  135 135 137 139 143 146 150 152 153 154 155 157 159 161 163 165 167 170
  171 170 167 165 163 161 159 157 155 154 153 152 150 146 143 139 137 135
  135 135 137 139 143 146 150 152 153 154 155 157 159 161 163 165 167 170
  166 166 166 166 164 161 157 153 148 143 138 132 125 117 110 104 101 100
  100 100 101 104 110 117 125 132 138 143 148 153 157 161 164 166 166 166
  166 166 166 166 164 161 157 153 148 143 138 132 125 117 110 104 101 100
  100 100 101 104 110 117 125 132 138 143 148 153 157 161 164 166 166 166
  150 151 153 155 155 154 149 143 134 124 114 103  92  82  74  69  65  64
   63  64  65  69  74  82  93 103 114 124 134 143 149 154 155 155 153 151
  150 151 153 155 155 154 149 143 134 124 114 103  92  82  74  69  65  64
   63  64  65  69  74  82  93 103 114 124 134 143 149 154 155 155 153 151
  127 128 132 137 141 141 137 128 116 102  88  75  63  55  49  47  47  47
   47  47  47  47  50  55  63  75  88 102 116 128 137 141 141 137 132 128
  127 128 132 137 141 141 137 128 116 102  88  75  63  55  49  47  47  47
   47  47  47  47  50  55  63  75  88 102 116 128 137 141 141 137 132 128
  111 113 118 124 129 130 124 113  97  79  63  50  42  40  43  49  57  63
   65  63  57  50  43  40  43  51  63  79  97 113 124 130 129 124 118 113
  111 113 118 124 129 130 124 113  97  79  63  50  42  40  43  49  57  63
   65  63  57  50  43  40  43  51  63  79  97 113 124 130 129 124 118 113
  109 110 114 119 121 119 111  96  78  60  45  36  34  40  54  73  92 106
  112 106  92  73  54  40  34  36  45  60  78  96 111 119 121 119 114 110
  109 110 114 119 121 119 111  96  78  60  45  36  34  40  54  73  92 106
  112 106  92  73  54  40  34  36  45  60  78  96 111 119 121 119 114 110
  117 117 118 118 116 110  99  82  63  45  32  27  31  45  69 100 130 152
  161 153 130 100  70  46  31  27  32  45  63  82  99 110 116 118 118 117
  117 117 118 118 116 110  99  82  63  45  32  27  31  45  69 100 130 152
  161 153 130 100  70  46  31  27  32  45  63  82  99 110 116 118 118 117
  121 120 116 112 106  98  86  70  53  37  27  25  33  52  80 114 147 172
  181 172 148 114  80  52  34  25  27  37  53  70  86  98 106 112 117 120
  121 120 116 112 106  98  86  70  53  37  27  25  33  52  80 114 147 172
  181 172 148 114  80  52  34  25  27  37  53  70  86  98 106 112 117 120
  113 111 105  98  92  86  77  64  49  36  29  30  40  59  85 114 142 161
  168 161 142 115  85  59  40  30  29  36  49  64  77  86  93  98 105 111
  113 111 105  98  92  86  77  64  49  36  29  30  40  59  85 114 142 161
  168 161 142 115  85  59  40  30  29  36  49  64  77  86  93  98 105 111
   99  97  93  87  82  77  70  60  49  41  37  40  49  65  87 111 132 146
  152 146 132 111  87  65  49  40  37  41  49  60  70  77  82  87  93  97
   99  97  93  87  82  77  70  60  49  41  37  40  49  65  87 111 132 146
  152 146 132 111  87  65  49  40  37  41  49  60  70  77  82  87  93  97
   90  89  88  85  80  76  71  64  58  54  52  53  60  73  93 117 140 155
  161 155 140 117  93  73  60  53  52  54  58  64  71  76  81  85  88  89
   90  89  88  85  80  76  71  64  58  54  52  53  60  73  93 117 140 155
  161 155 140 117  93  73  60  53  52  54  58  64  71  76  81  85  88  89
   95  96  98  96  90  83  76  71  68  67  66  65  68  80 103 134 166 190
  199 190 165 133 103  80  68  64  66  67  68  71  76  83  90  96  98  96
   95  96  98  96  90  83  76  71  68  67  66  65  68  80 103 134 166 190
  199 190 165 133 103  80  68  64  66  67  68  71  76  83  90  96  98  96
  109 111 115 113 105  95  86  80  77  76  74  72  74  85 111 146 185 215
  226 215 185 146 110  85  73  72  74  76  77  80  86  95 105 113 115 111
  109 111 115 113 105  95  86  80  77  76  74  72  74  85 111 146 185 215
  226 215 185 146 110  85  73  72  74  76  77  80  86  95 105 113 115 111
  145 146 143 134 117  99  83  73  71  74  76  75  76  86 108 140 174 200
  210 200 174 140 108  86  76  75  76  74  71  73  83  99 117 134 143 146
  145 146 143 134 117  99  83  73  71  74  76  75  76  86 108 140 174 200
  210 200 174 140 108  86  76  75  76  74  71  73  83  99 117 134 143 146
  166 164 157 143 123 102  80  67  66  76  86  87  85  86  96 112 131 147
  154 147 131 112  96  86  85  87  86  76  66  67  80 102 123 143 157 164
  166 164 157 143 123 102  80  67  66  76  86  87  85  86  96 112 131 147
  154 147 131 112  96  86  85  87  86  76  66  67  80 102 123 143 157 164
  175 171 160 142 123 101  79  65  70  87 101 100  90  82  80  82  86  91
   93  91  86  82  80  82  90 100 101  87  70  65  79 101 123 142 160 171
  175 171 160 142 123 101  79  65  70  87 101 100  90  82  80  82  86  91
   93  91  86  82  80  82  90 100 101  87  70  65  79 101 123 142 160 171
  178 173 159 141 121 100  78  66  74  95 111 107  92  78  70  67  66  67
   68  67  66  67  70  78  92 107 111  95  74  66  78 100 121 141 159 173
  178 173 159 141 121 100  78  66  74  95 111 107  92  78  70  67  66  67
   68  67  66  67  70  78  92 107 111  95  74  66  78 100 121 141 159 173

Austenite: recalculated pole figure,  4,2,0                                    #




    3.6467    3.6467    3.6467   90.0000   90.0000   90.0000    7    1
   4  2  0   .0 90.0  5.0   .0360.0  5.0 1 1
   51  51  51  51  51  51  51  51  51  51  51  51  51  51  51  51  51  51
   51  51  51  51  50  50  51  51  51  51  51  51  50  50  50  50  50  50
   51  50  51  50  50  50  50  50  51  50  51  51  51  51  51  51  51  51
   51  51  51  51  51  51  51  51  51  51  51  51  51  51  51  51  51  51
   60  59  58  57  56  57  58  60  62  62  63  63  63  63  62  61  59  57
   56  57  59  61  62  63  63  63  63  62  61  60  58  56  56  57  58  59
   60  59  58  57  56  57  58  60  61  62  63  63  63  63  62  61  59  57
   56  57  59  61  62  63  63  63  63  62  61  60  58  56  56  57  58  59
   70  71  73  76  77  79  79  80  81  83  84  84  84  84  84  85  87  88
   88  88  87  85  84  84  84  84  84  83  81  80  79  78  77  76  73  71
   70  71  73  76  77  78  79  80  81  83  83  84  84  84  84  85  87  88
   88  88  87  85  84  84  84  84  84  83  81  81  80  79  77  76  73  71
   92  93  94  96  99 102 104 106 107 108 108 107 106 106 105 103 102 101
  101 101 102 103 105 106 106 107 107 108 107 106 104 101  99  96  94  93
   92  93  94  96  99 102 104 106 107 108 107 107 106 106 105 103 102 101
  101 101 102 103 105 106 106 107 108 108 107 106 104 102  99  96  94  93
  111 112 114 116 119 121 123 123 123 120 117 114 109 104 100  96  92  89
   89  89  92  96 100 104 109 113 117 120 123 123 122 121 119 116 114 112
  111 112 114 116 119 121 123 123 122 120 117 114 109 104 100  96  92  89
   89  89  92  96 100 104 109 114 117 120 122 123 123 121 119 116 114 112
  128 128 129 130 131 130 129 125 119 112 103  95  87  79  72  66  62  59
   58  59  62  66  72  79  87  95 103 112 119 125 128 130 130 130 129 128
  128 128 129 130 131 130 129 125 119 112 103  95  87  79  72  66  62  59
   58  59  62  66  72  79  87  95 103 112 119 125 129 130 131 130 129 128
  142 141 141 139 135 129 120 109  98  86  75  65  57  50  44  39  35  33
   32  33  35  39  44  50  57  65  75  86  98 109 120 128 135 139 141 141
  142 141 141 139 135 129 120 109  98  86  75  65  57  50  44  39  35  33
   32  33  35  39  44  50  57  65  75  86  98 109 120 128 135 139 141 141
  150 149 147 143 135 123 108  91  75  61  51  44  40  38  36  33  30  28
   28  28  30  33  36  38  40  44  51  61  75  91 108 123 135 143 147 149
  150 149 147 143 135 123 108  91  75  61  51  44  40  38  36  33  30  28
   28  28  30  33  36  38  40  44  51  61  75  91 108 123 135 143 147 149
  151 149 146 140 130 116  98  79  63  51  46  48  53  58  59  57  53  48
   47  48  53  57  59  58  53  48  46  51  63  80  98 116 130 140 146 149
  151 149 146 140 130 116  98  79  63  51  46  48  53  58  59  57  53  48
   47  48  53  57  59  58  53  48  46  51  63  80  98 116 130 140 146 149
  147 144 136 126 115 104  90  76  63  57  61  75  93 108 115 112 103  93
   89  93 103 112 115 109  93  75  62  57  63  75  90 104 115 126 136 144
  147 144 136 126 115 104  90  76  63  57  61  75  93 108 115 112 103  93
   89  93 103 112 115 109  93  75  62  57  63  75  90 104 116 126 136 144
  138 132 119 104  94  88  83  76  71  72  86 111 141 166 176 170 154 138
  132 138 154 170 177 166 141 111  86  73  71  76  83  88  94 104 119 132
  138 132 119 104  94  88  82  76  71  72  86 111 141 166 176 170 154 138
  132 138 154 170 177 166 141 111  86  73  71  76  83  88  94 104 119 132
  125 117  98  80  71  73  79  83  85  89 104 133 169 200 213 204 181 158
  149 158 181 204 213 200 169 132 104  89  85  83  79  73  71  80  98 117
  125 117  98  80  71  73  79  83  85  89 104 133 169 200 213 204 181 158
  149 158 181 204 213 200 169 132 104  89  85  83  79  73  71  80  98 117
  110 101  81  64  59  69  85  98 102 101 107 127 158 188 202 193 168 142
  131 142 168 193 201 187 158 127 107 101 102  98  85  68  59  64  82 101
  110 101  81  64  59  69  85  98 102 101 107 127 158 188 202 193 168 142
  131 142 168 193 201 187 158 127 107 101 102  98  85  69  59  64  82 101
   97  90  73  60  60  78 103 120 118 104  93  97 117 143 160 156 135 110
   99 110 135 156 160 143 117  97  93 104 118 120 103  78  60  60  73  90
   97  90  73  60  60  78 103 120 118 104  93  97 117 143 160 156 135 110
   99 110 135 156 160 143 117  97  93 104 118 120 103  78  60  60  73  90
   91  86  75  67  72  94 123 140 133 107  83  74  84 103 118 116  96  73
   63  73  96 116 118 103  84  74  82 107 133 140 123  93  72  67  75  86
   91  86  75  67  72  94 123 140 133 107  83  74  84 103 118 116  96  73
   63  73  96 116 118 103  84  74  82 107 133 140 123  94  72  67  75  86
   77  76  75  76  87 110 139 154 143 113  84  70  72  84  91  85  66  46
   38  46  66  85  91  84  72  70  84 113 143 154 139 110  87  76  75  76
   77  76  75  76  87 110 139 154 143 113  84  70  72  84  91  85  66  46
   38  46  66  85  91  84  72  70  84 113 143 154 139 110  87  76  75  76
   60  62  69  79  95 119 145 159 151 128 105  90  84  83  78  64  44  26
   19  26  43  64  78  83  84  90 105 128 151 159 145 119  95  79  69  62
   60  62  69  79  95 119 145 159 151 128 105  90  84  83  78  64  44  26
   19  26  43  64  78  83  84  90 105 128 151 159 145 119  95  79  69  62
   40  45  58  75  96 122 147 161 158 146 131 117 102  88  71  50  29  15
   10  15  29  50  71  88 102 117 131 146 158 161 147 122  96  75  58  45
   40  45  58  75  96 122 147 161 158 146 131 117 102  88  71  50  29  15
   10  15  29  50  71  88 102 117 131 146 158 161 147 122  96  75  58  45
   33  39  55  75  97 127 147 160 159 152 143 129 113  85  63  41  21  10
    5  10  23  40  67  88 104 125 142 152 159 160 139 114  90  74  55  40
   34  40  55  75  97 123 143 158 157 152 140 131 109  92  68  44  23  10
    5  10  23  44  67  88 108 130 142 153 159 160 149 122 101  74  55  40

Austenite: recalculated pole figure,  4,2,2                                    #




    3.6467    3.6467    3.6467   90.0000   90.0000   90.0000    7    1
   4  2  2   .0 90.0  5.0   .0360.0  5.0 1 1
  169 169 169 168 169 169 169 169 169 169 169 169 169 167 168 169 169 170
  169 169 169 169 168 168 168 169 169 169 169 169 169 169 168 168 168 169
  168 168 169 168 168 168 169 169 169 169 169 169 169 168 169 169 169 169
  169 169 170 169 170 169 169 169 169 170 170 169 170 169 170 170 169 170
  155 155 156 156 156 157 158 158 158 156 153 150 147 146 145 145 145 146
  147 148 150 151 153 153 154 154 154 154 154 154 153 153 153 153 154 154
  155 155 156 156 156 157 158 158 158 156 153 150 147 146 145 145 145 146
  147 148 150 151 153 153 154 154 154 154 154 154 154 153 153 153 154 154
  135 134 133 131 129 128 126 125 123 120 118 116 113 111 109 106 104 103
  103 105 107 109 111 112 113 114 115 117 120 122 124 126 128 131 133 134
  135 134 133 131 129 128 126 125 123 120 118 116 113 111 109 106 104 103
  103 105 107 109 111 112 113 114 115 117 120 122 124 126 129 131 133 134
  108 107 106 105 103 100  98  96  95  94  92  91  89  87  85  83  83  83
   84  84  84  84  84  84  85  85  86  88  91  94  97 101 104 107 109 109
  108 107 106 105 103 100  98  96  95  94  92  91  89  87  85  83  83  83
   84  84  84  84  84  84  85  85  86  88  91  94  97 101 104 107 109 109
   91  91  90  88  86  84  83  82  82  83  84  86  88  91  94  97  99 100
  101 100  99  97  95  93  89  86  82  80  80  81  83  86  88  90  91  91
   91  91  90  88  86  84  83  82  82  83  84  86  88  91  94  97  99 100
  101 100  99  97  95  93  89  86  82  80  80  81  83  86  88  90  91  91
   80  80  79  79  79  79  81  85  91  98 106 114 121 126 130 132 133 134
  135 135 134 133 131 127 119 110 100  92  86  82  80  80  80  81  81  81
   80  80  79  79  79  79  81  85  91  98 106 114 121 127 130 132 133 134
  135 135 134 133 131 127 119 110 100  92  86  82  80  79  80  81  81  81
   70  71  72  73  75  77  82  89 100 114 130 145 156 161 162 160 157 153
  152 153 156 160 162 159 152 139 124 109  96  87  81  77  75  74  72  71
   70  71  72  73  75  77  82  89 100 114 130 145 156 162 163 160 157 153
  152 153 156 160 162 159 152 139 124 109  96  87  81  77  75  74  72  71
   61  61  65  69  73  77  83  92 105 123 142 158 167 168 162 152 143 136
  133 137 145 155 164 170 168 158 141 121 103  90  81  75  72  69  65  62
   61  61  65  69  73  77  83  92 105 123 142 158 167 168 162 152 143 136
  133 137 145 155 164 170 168 158 141 121 103  90  81  75  72  69  65  62
   58  59  62  67  73  78  84  93 107 124 141 152 155 149 135 118 102  92
   88  92 103 119 136 151 157 153 139 121 103  89  80  75  72  69  64  60
   58  59  62  67  73  78  84  93 107 124 141 152 155 149 135 118 102  92
   88  92 103 119 136 151 157 153 139 121 103  89  80  75  72  69  64  60
   71  72  74  77  79  81  85  92 104 117 129 135 131 117  97  76  60  49
   46  49  59  76  97 117 132 136 130 118 103  91  83  80  79  77  75  73
   71  72  74  77  79  81  85  92 104 117 129 135 131 117  97  76  60  49
   46  49  59  76  97 117 132 136 130 118 103  91  83  80  79  77  75  73
  101 100  98  94  89  85  83  85  93 103 111 112 102  85  64  45  31  24
   21  23  31  45  64  85 103 113 112 105  95  87  83  83  87  93  97 100
  101 100  98  94  89  85  83  85  93 103 111 112 102  85  64  45  31  24
   21  23  31  45  64  85 103 113 112 105  95  87  83  83  87  93  97 100
  135 130 120 106  92  79  71  70  76  86  94  96  87  69  50  34  24  19
   18  20  25  34  49  68  85  96  97  91  81  75  75  82  95 110 124 133
  135 130 120 106  92  79  71  70  76  86  94  96  87  69  50  34  24  19
   18  20  25  34  49  68  85  96  97  91  81  75  75  82  95 110 124 133
  156 153 142 122  98  76  61  57  63  75  87  91  86  72  56  43  36  34
   34  35  38  45  57  73  86  91  87  76  65  58  61  73  92 114 134 149
  156 153 142 122  98  76  61  57  63  75  87  91  86  72  56  43  36  34
   34  35  38  45  57  73  86  91  87  76  65  58  61  73  92 114 134 149
  155 153 143 124  98  73  57  52  59  72  87  98 102  96  84  72  65  63
   63  63  66  73  86  98 104  99  87  72  59  53  58  74  98 123 142 152
  155 153 143 124  98  73  57  52  59  72  87  98 102  96  84  72  65  63
   63  63  66  73  86  98 104  99  87  72  59  53  58  74  98 123 142 152
  135 137 137 127 106  82  65  58  60  70  88 108 123 126 118 106  99  98
   99  98  99 107 119 127 125 109  89  71  60  58  67  85 109 129 138 137
  135 137 137 127 106  82  65  58  60  70  88 108 123 126 118 106  99  98
   99  98  99 107 119 127 125 109  89  71  60  58  67  85 109 129 138 137
  113 119 130 132 119  97  78  65  59  64  82 108 132 144 141 134 133 136
  137 133 128 130 137 139 129 106  82  65  60  66  80 100 121 134 131 120
  113 119 130 132 119  97  78  65  59  64  82 108 132 144 141 134 133 136
  137 133 128 130 137 139 129 106  82  65  60  66  80 100 121 134 131 120
   96 106 127 141 136 116  91  68  53  50  62  86 110 127 134 141 155 172
  179 169 151 137 131 124 108  84  62  51  53  68  91 116 136 142 128 106
   96 106 127 141 136 116  91  68  53  50  62  86 110 127 134 141 155 172
  179 169 151 137 131 124 108  84  62  51  53  68  91 116 136 142 128 106
   84  96 125 148 149 128  97  67  45  37  43  60  81 100 115 135 166 199
  214 198 164 132 112  96  78  58  41  35  43  64  94 126 148 149 128  99
   84  96 125 148 149 128  97  67  45  37  43  60  81 100 115 135 166 199
  214 198 164 132 112  96  78  58  41  35  43  64  94 126 148 149 128  99
   82  97 130 155 156 132  96  62  38  29  33  47  66  84 103 130 171 213
  232 213 171 131 103  84  66  47  33  29  38  62  96 132 156 155 130  97
   82  97 130 155 156 132  96  62  38  29  33  47  66  84 103 130 171 213
  232 213 171 131 103  84  66  47  33  29  38  62  96 132 156 155 130  97

Austenite: recalculated pole figure,  5,1,1                                    #




    3.6467    3.6467    3.6467   90.0000   90.0000   90.0000    7    1
   5  1  1   .0 90.0  5.0   .0360.0  5.0 1 1
   18  18  18  18  18  18  18  18  18  18  18  18  18  18  18  18  18  18
   18  18  18  18  18  18  18  18  18  18  18  18  18  18  18  18  18  18
   18  18  18  18  18  18  18  18  18  18  18  18  18  18  18  18  18  18
   18  18  18  18  18  18  18  18  18  18  18  18  18  18  18  18  18  18
   14  14  14  15  15  16  17  19  20  21  22  23  23  23  22  22  21  21
   20  20  20  20  21  22  22  22  22  22  21  20  19  17  16  15  15  14
   14  14  14  15  15  16  17  19  20  21  22  23  23  23  22  22  21  21
   20  20  20  20  21  22  22  22  22  22  21  20  19  17  16  15  15  14
   16  16  17  19  21  23  25  27  30  33  35  37  38  40  41  41  42  42
   42  41  41  40  39  38  37  35  34  32  30  28  26  23  21  19  18  16
   16  16  17  19  21  23  25  27  30  33  35  37  38  40  41  41  42  42
   42  41  41  40  39  38  37  35  34  32  30  28  26  24  21  19  18  16
   21  21  23  26  29  33  37  41  45  49  53  57  60  62  65  67  69  70
   71  70  69  67  64  61  58  55  52  49  45  41  37  33  30  27  24  22
   21  21  23  26  29  33  37  41  45  49  53  57  60  62  65  67  69  70
   71  70  69  67  64  61  58  55  52  49  45  41  37  33  30  27  24  22
   30  31  33  37  42  47  52  58  64  69  74  78  82  85  88  91  93  94
   94  94  93  91  88  84  80  75  71  67  63  58  53  48  43  38  34  31
   30  31  33  37  42  47  52  58  64  69  74  78  82  85  88  91  93  94
   94  94  93  91  88  84  80  75  71  67  63  58  53  48  43  38  34  31
   44  45  48  53  59  65  72  78  85  91  96 101 104 106 108 109 110 110
  110 110 110 109 108 106 103 100  95  89  83  77  71  65  59  53  49  46
   44  45  48  53  59  65  72  78  85  91  96 101 104 106 108 109 110 110
  110 110 110 109 108 106 103 100  95  89  83  77  71  65  59  53  49  46
   62  63  66  70  76  82  90  99 108 116 122 126 128 128 127 125 123 121
  121 122 123 125 128 129 129 126 121 114 106  98  90  82  76  70  66  63
   62  63  66  70  76  82  90  98 108 116 122 126 128 128 127 125 123 121
  121 122 123 125 128 129 129 126 121 114 106  98  90  83  76  70  66  63
   75  77  80  85  90  97 107 119 131 142 148 150 148 143 137 131 127 124
  123 124 127 132 138 144 148 150 147 140 130 119 108  98  90  84  79  76
   75  77  80  85  90  97 107 118 131 142 148 150 148 143 137 131 127 124
  123 124 127 132 138 144 148 150 147 140 130 118 108  98  90  84  79  76
   79  82  87  93 100 109 121 136 151 162 167 164 155 143 133 124 118 114
  113 114 118 124 134 145 157 166 168 164 153 138 122 109  99  91  85  80
   79  82  87  93 100 109 121 136 151 162 167 164 155 144 133 124 118 114
  113 114 118 124 134 145 157 166 168 164 153 138 122 109  99  91  85  80
   81  84  91 101 111 122 135 151 166 176 176 167 151 133 117 107 100  97
   96  97 100 106 117 134 154 172 183 183 172 154 136 120 107  98  89  83
   81  84  91 101 111 122 135 151 166 176 176 167 151 133 117 107 100  97
   96  97 100 106 117 134 154 172 183 183 172 154 136 120 108  98  89  83
   77  82  95 110 123 134 145 159 175 186 185 170 145 119  99  86  81  80
   80  80  81  87 101 123 151 177 193 194 181 164 147 134 122 108  93  81
   77  82  95 110 123 134 145 159 175 186 185 170 145 119  99  86  81  80
   80  80  81  87 101 123 151 177 193 194 181 164 147 134 122 108  93  81
   69  77  96 119 138 148 154 163 178 192 193 176 145 111  84  68  61  60
   60  60  61  67  83 110 144 176 193 193 179 163 153 147 136 118  95  76
   69  77  96 119 138 148 154 163 178 192 193 176 145 111  84  68  61  60
   60  60  61  67  83 110 144 176 193 193 179 163 153 147 136 118  95  76
   53  63  87 118 141 151 153 158 171 188 193 177 143 103  70  49  39  36
   36  36  39  48  69 102 142 176 192 186 169 156 152 151 141 118  87  62
   53  63  87 118 141 151 153 158 171 188 193 177 143 103  70  49  39  36
   36  36  39  48  69 102 142 176 192 186 169 156 152 151 141 118  87  62
   35  44  69 101 128 143 147 151 164 180 188 176 143 100  63  38  25  19
   18  20  25  39  64 101 142 174 185 176 159 147 144 142 129 103  70  45
   35  44  69 101 128 143 147 151 164 180 188 176 143 100  63  38  25  19
   18  20  25  39  64 101 142 174 185 176 159 147 144 142 129 103  70  45
   20  28  49  77 105 123 134 141 153 168 177 170 143 104  66  37  20  11
    8  12  21  40  69 107 145 171 177 167 152 141 134 124 105  77  48  27
   20  28  49  77 105 123 134 141 153 168 177 170 143 104  66  37  20  11
    8  12  21  40  69 107 145 171 177 167 152 141 134 124 105  77  48  27
   10  16  30  53  79 104 124 138 148 157 164 161 142 110  76  46  24  10
    7  11  25  47  76 107 137 158 164 159 150 140 126 106  81  54  31  15
   10  16  30  53  79 104 124 138 148 157 164 161 142 110  76  46  24  10
    7  11  25  47  76 107 137 158 164 159 150 140 126 106  81  54  31  15
    4   7  16  32  56  85 116 141 156 161 157 145 127 106  84  58  32  15
    9  15  32  57  85 109 129 142 149 152 151 141 118  88  57  33  16   7
    4   7  16  32  56  85 116 141 156 161 157 145 127 106  84  58  32  15
    9  15  32  57  85 109 129 142 149 152 151 141 118  88  57  33  16   7
    1   3   9  20  40  72 110 143 161 160 147 130 114 102  88  66  39  19
   11  18  38  65  89 105 117 130 145 156 159 144 112  74  41  20   8   3
    1   3   9  20  40  72 110 143 161 160 147 130 114 102  88  66  39  19
   11  18  38  65  89 105 117 130 145 156 159 144 112  74  41  20   8   3
    0   2   6  16  35  67 107 143 162 161 145 126 112 103  91  68  40  19
   12  19  40  68  91 103 112 126 145 161 162 143 107  67  35  16   6   2
    0   2   6  16  35  67 107 143 162 161 145 126 112 103  91  68  40  19
   12  19  40  68  91 103 112 126 145 161 162 143 107  67  35  16   6   2

Austenite: recalculated pole figure,  3,3,3                                    #




    3.6467    3.6467    3.6467   90.0000   90.0000   90.0000    7    1
   3  3  3   .0 90.0  5.0   .0360.0  5.0 1 1
   43  43  43  43  43  43  43  43  43  43  43  43  43  43  43  43  43  43
   43  43  43  43  43  43  43  43  43  43  43  43  43  43  43  43  43  43
   43  43  43  43  43  43  43  43  43  43  43  43  43  43  43  43  43  43
   43  43  43  43  43  43  43  43  43  43  43  43  43  43  43  43  43  43
   41  41  41  42  43  45  48  50  53  56  59  62  66  69  73  77  80  82
   83  82  80  77  73  69  66  62  59  56  53  50  48  45  43  42  41  41
   41  41  41  42  43  45  48  50  53  56  59  62  66  69  73  77  80  82
   83  82  80  77  73  69  66  62  59  56  53  50  48  45  43  42  41  41
   29  30  31  34  39  45  54  63  74  86  97 109 121 133 145 155 163 169
  171 169 163 155 145 133 122 109  97  86  74  63  54  45  39  34  31  30
   29  30  31  34  39  45  54  63  74  86  97 109 121 133 145 155 163 169
  171 169 163 155 145 133 121 109  97  86  74  63  54  45  39  34  31  30
   17  18  21  26  33  43  56  72  91 112 134 158 183 207 230 250 266 277
  280 277 266 250 230 207 183 159 134 112  91  72  56  43  33  26  21  18
   17  18  21  26  33  43  56  72  91 112 134 158 183 207 230 250 266 277
  280 277 266 250 230 207 183 159 134 112  91  72  56  43  33  26  21  18
    8   9  12  18  27  39  55  75  98 125 155 187 220 253 283 309 329 341
  346 341 329 309 283 253 220 187 155 125  98  75  55  39  27  18  12   9
    8   9  12  18  27  39  55  75  98 125 155 187 220 253 283 309 329 341
  346 341 329 309 283 253 220 187 155 125  98  75  55  39  27  18  12   9
    3   4   7  12  21  35  53  77 106 139 172 203 231 254 275 292 305 314
  317 314 305 292 275 254 231 203 172 139 106  77  53  35  21  12   7   4
    3   4   7  12  21  35  53  77 106 139 172 203 231 254 275 292 305 314
  317 314 305 292 275 254 231 203 172 139 106  77  53  35  21  12   7   4
    1   2   4  10  19  35  56  84 116 147 176 199 214 221 223 221 218 216
  215 216 218 221 223 221 214 199 176 147 116  84  56  35  19  10   4   2
    1   2   4  10  19  35  56  84 116 147 176 199 214 221 223 221 218 216
  215 216 218 221 223 221 214 199 176 147 116  84  56  35  19  10   4   2
    1   2   4  10  20  37  61  90 123 155 179 190 187 174 156 138 124 116
  113 116 124 138 156 174 187 190 179 155 123  90  61  37  20  10   4   2
    1   2   4  10  20  37  61  90 123 155 179 190 187 174 156 138 124 116
  113 116 124 138 156 174 187 190 179 155 123  90  61  37  20  10   4   2
    2   3   7  14  27  45  71 102 132 157 169 166 149 124  98  75  58  48
   45  48  58  75  98 124 149 166 169 157 132 102  71  45  27  14   7   3
    2   3   7  14  27  45  71 102 132 157 169 166 149 124  98  75  58  48
   45  48  58  75  98 124 149 166 169 157 132 102  71  45  27  14   7   3
    7   9  16  27  43  63  88 114 138 154 154 139 112  81  54  34  21  14
   12  14  21  34  55  82 112 139 154 154 139 114  88  63  43  27  16   9
    7   9  16  27  43  63  87 114 138 154 154 139 112  81  54  34  21  14
   12  14  21  34  54  81 112 139 154 154 139 114  88  63  43  27  16   9
   21  26  39  59  82 104 123 137 142 136 119  94  67  43  26  14   7   3
    2   3   7  14  26  43  67  94 119 136 142 137 123 104  82  59  39  26
   21  26  39  59  82 104 123 137 142 136 119  94  67  43  26  14   7   3
    2   3   7  14  26  43  67  94 119 136 142 137 123 104  82  59  39  26
   51  58  79 107 133 150 155 148 132 111  85  59  36  20  10   4   1   0
    0   0   1   4  10  20  36  59  85 111 132 148 155 150 133 107  79  58
   51  58  79 107 133 150 155 148 132 111  85  59  36  20  10   4   1   0
    0   0   1   4  10  20  36  59  85 111 132 148 155 150 133 107  79  58
   98 105 126 152 170 173 158 133 104  76  51  31  17   8   4   2   0   0
    0   0   0   2   4   8  17  31  51  76 104 133 158 173 170 152 126 105
   98 105 126 152 170 173 158 133 104  76  51  31  17   8   4   2   0   0
    0   0   0   2   4   8  17  31  51  76 104 133 158 173 170 152 126 105
  145 149 158 168 171 160 134 101  70  44  26  15   8   7   6   7   7   6
    6   6   7   7   6   7   8  15  26  44  70 101 134 160 171 168 158 149
  145 149 158 168 171 160 134 101  70  44  26  15   8   7   6   7   7   6
    6   6   7   7   6   7   8  15  26  44  70 101 134 160 171 168 158 149
  203 195 177 158 137 112  84  56  34  19  10   8  12  19  28  33  35  34
   34  34  35  33  28  19  12   8  10  19  34  56  84 112 137 158 177 195
  203 195 177 158 137 112  84  56  34  19  10   8  12  19  28  33  35  34
   34  34  35  33  28  19  12   8  10  19  34  56  84 112 137 158 177 195
  249 229 180 130  92  63  42  25  13   7   6  13  31  58  85 102 107 106
  106 106 107 102  85  58  31  13   6   7  13  25  42  64  92 130 180 229
  249 229 180 130  92  63  42  25  13   7   6  13  31  58  85 102 107 106
  106 106 107 102  85  58  31  13   6   7  13  25  42  64  92 130 180 229
  295 262 186 110  58  31  17   8   4   3   9  28  70 132 191 226 234 232
  231 232 234 226 191 132  70  28   9   3   4   8  17  31  58 110 186 262
  295 262 186 110  58  31  17   8   4   3   9  28  70 132 191 226 234 232
  231 232 234 226 191 132  70  28   9   3   4   8  17  31  58 110 186 262
  336 293 194  99  41  14   5   2   0   2  12  42 107 205 304 365 383 382
  380 382 383 365 304 205 107  42  12   2   0   2   5  14  41  99 194 293
  336 293 194  99  41  14   5   2   0   2  12  42 107 205 304 365 383 382
  380 382 383 365 304 205 107  42  12   2   0   2   5  14  41  99 194 293
  354 306 198  96  36  10   2   0   0   2  13  48 123 239 356 430 452 451
  448 451 453 430 357 239 123  48  13   2   0   0   2  10  36  96 198 306
  354 306 198  96  36  10   2   0   0   2  13  48 123 239 356 430 452 451
  448 451 453 430 357 239 123  48  13   2   0   0   2  10  36  96 198 306


