# Tilt	Rotation	RotationIndex	Omega	Weights	mrd
27.15	0.00	0.00	-60.00	0.00	0.00
27.15	180.00	36.00	60.00	0.00	0.00
27.56	10.84	1.00	-60.00	0.00	0.00
27.56	190.84	37.00	60.00	0.00	0.00
27.56	349.16	71.00	-60.00	0.00	0.00
27.56	169.16	35.00	60.00	0.00	0.00
28.76	21.13	2.00	-60.00	0.00	0.00
28.76	158.87	34.00	60.00	0.00	0.00
28.76	201.13	38.00	60.00	0.00	0.00
28.76	338.87	70.00	-60.00	0.00	0.00
30.65	210.47	39.00	60.00	0.00	0.00
30.65	30.47	3.00	-60.00	0.00	0.00
30.65	329.53	69.00	-60.00	0.00	0.00
30.65	149.53	33.00	60.00	0.00	0.00
32.15	0.00	0.00	-55.00	0.00	0.00
32.15	180.00	36.00	55.00	0.00	0.00
32.49	9.33	1.00	-55.00	0.00	0.00
32.49	170.67	35.00	55.00	0.00	0.00
32.49	189.33	37.00	55.00	0.00	0.00
32.49	350.67	71.00	-55.00	0.00	0.00
32.85	0.00	0.00	60.00	0.00	0.00
32.85	180.00	36.00	-60.00	0.00	0.00
33.11	321.29	68.00	-60.00	0.00	0.00
33.11	38.71	4.00	-60.00	0.00	0.00
33.11	218.71	40.00	60.00	0.00	0.00
33.11	141.29	32.00	60.00	0.00	0.00
33.19	9.15	1.00	60.00	0.00	0.00
33.19	170.85	35.00	-60.00	0.00	0.00
33.19	189.15	37.00	-60.00	0.00	0.00
33.19	350.85	71.00	60.00	0.00	0.00
33.47	18.33	2.00	-55.00	0.00	0.00
33.47	161.67	34.00	55.00	0.00	0.00
33.47	198.33	38.00	55.00	0.00	0.00
33.47	341.67	70.00	-55.00	0.00	0.00
34.21	17.97	2.00	60.00	0.00	0.00
34.21	162.03	34.00	-60.00	0.00	0.00
34.21	197.97	38.00	-60.00	0.00	0.00
34.21	342.03	70.00	60.00	0.00	0.00
35.04	206.76	39.00	55.00	0.00	0.00
35.04	26.76	3.00	-55.00	0.00	0.00
35.04	333.24	69.00	-55.00	0.00	0.00
35.04	153.24	33.00	55.00	0.00	0.00
35.84	26.20	3.00	60.00	0.00	0.00
35.84	153.80	33.00	-60.00	0.00	0.00
35.84	206.20	39.00	-60.00	0.00	0.00
35.84	333.80	69.00	60.00	0.00	0.00
36.03	45.86	5.00	-60.00	0.00	0.00
36.03	225.86	41.00	60.00	0.00	0.00
36.03	134.14	31.00	60.00	0.00	0.00
36.03	314.14	67.00	-60.00	0.00	0.00
37.13	325.53	68.00	-55.00	0.00	0.00
37.13	34.47	4.00	-55.00	0.00	0.00
37.13	145.53	32.00	55.00	0.00	0.00
37.13	214.47	40.00	55.00	0.00	0.00
37.15	0.00	0.00	-50.00	0.00	0.00
37.15	180.00	36.00	50.00	0.00	0.00
37.43	8.23	1.00	-50.00	0.00	0.00
37.43	188.23	37.00	50.00	0.00	0.00
37.43	171.77	35.00	50.00	0.00	0.00
37.43	351.77	71.00	-50.00	0.00	0.00
37.85	0.00	0.00	55.00	0.00	0.00
37.85	180.00	36.00	-55.00	0.00	0.00
38.00	33.70	4.00	60.00	0.00	0.00
38.00	146.30	32.00	-60.00	0.00	0.00
38.00	213.70	40.00	-60.00	0.00	0.00
38.00	326.30	68.00	60.00	0.00	0.00
38.14	8.10	1.00	55.00	0.00	0.00
38.14	171.90	35.00	-55.00	0.00	0.00
38.14	188.10	37.00	-55.00	0.00	0.00
38.14	351.90	71.00	55.00	0.00	0.00
38.24	16.27	2.00	-50.00	0.00	0.00
38.24	163.73	34.00	50.00	0.00	0.00
38.24	196.27	38.00	50.00	0.00	0.00
38.24	343.73	70.00	-50.00	0.00	0.00
38.99	16.00	2.00	55.00	0.00	0.00
38.99	164.00	34.00	-55.00	0.00	0.00
38.99	196.00	38.00	-55.00	0.00	0.00
38.99	344.00	70.00	55.00	0.00	0.00
39.29	52.05	6.00	-60.00	0.00	0.00
39.29	127.95	30.00	60.00	0.00	0.00
39.29	232.05	42.00	60.00	0.00	0.00
39.29	307.95	66.00	-60.00	0.00	0.00
39.56	203.95	39.00	50.00	0.00	0.00
39.56	336.05	69.00	-50.00	0.00	0.00
39.56	23.95	3.00	-50.00	0.00	0.00
39.56	156.05	33.00	50.00	0.00	0.00
39.65	41.42	5.00	-55.00	0.00	0.00
39.65	138.58	31.00	55.00	0.00	0.00
39.65	221.42	41.00	55.00	0.00	0.00
39.65	318.58	67.00	-55.00	0.00	0.00
40.38	203.52	39.00	-55.00	0.00	0.00
40.38	23.52	3.00	55.00	0.00	0.00
40.38	156.48	33.00	-55.00	0.00	0.00
40.38	336.48	69.00	55.00	0.00	0.00
40.62	40.42	5.00	60.00	0.00	0.00
40.62	139.58	31.00	-60.00	0.00	0.00
40.62	220.42	41.00	-60.00	0.00	0.00
40.62	319.58	67.00	60.00	0.00	0.00
41.33	211.15	40.00	50.00	0.00	0.00
41.33	328.85	68.00	-50.00	0.00	0.00
41.33	31.15	4.00	-50.00	0.00	0.00
41.33	148.85	32.00	50.00	0.00	0.00
42.15	0.00	0.00	-45.00	0.00	0.00
42.15	180.00	36.00	45.00	0.00	0.00
42.24	30.54	4.00	55.00	0.00	0.00
42.24	149.46	32.00	-55.00	0.00	0.00
42.24	210.54	40.00	-55.00	0.00	0.00
42.24	329.46	68.00	55.00	0.00	0.00
42.38	187.42	37.00	45.00	0.00	0.00
42.38	7.42	1.00	-45.00	0.00	0.00
42.38	172.58	35.00	45.00	0.00	0.00
42.38	352.58	71.00	-45.00	0.00	0.00
42.52	47.63	6.00	-55.00	0.00	0.00
42.52	132.37	30.00	55.00	0.00	0.00
42.52	227.63	42.00	55.00	0.00	0.00
42.52	312.37	66.00	-55.00	0.00	0.00
42.83	237.42	43.00	60.00	0.00	0.00
42.83	57.42	7.00	-60.00	0.00	0.00
42.83	122.58	29.00	60.00	0.00	0.00
42.83	302.58	65.00	-60.00	0.00	0.00
42.85	0.00	0.00	50.00	0.00	0.00
42.85	180.00	36.00	-50.00	0.00	0.00
43.06	14.71	2.00	-45.00	0.00	0.00
43.06	165.29	34.00	45.00	0.00	0.00
43.06	194.71	38.00	45.00	0.00	0.00
43.06	345.29	70.00	-45.00	0.00	0.00
43.09	187.32	37.00	-50.00	0.00	0.00
43.09	7.32	1.00	50.00	0.00	0.00
43.09	172.68	35.00	-50.00	0.00	0.00
43.09	352.68	71.00	50.00	0.00	0.00
43.50	37.82	5.00	-50.00	0.00	0.00
43.50	142.18	31.00	50.00	0.00	0.00
43.50	217.82	41.00	50.00	0.00	0.00
43.50	322.18	67.00	-50.00	0.00	0.00
43.59	46.40	6.00	60.00	0.00	0.00
43.59	133.60	30.00	-60.00	0.00	0.00
43.59	226.40	42.00	-60.00	0.00	0.00
43.59	313.60	66.00	60.00	0.00	0.00
43.82	14.51	2.00	50.00	0.00	0.00
43.82	165.49	34.00	-50.00	0.00	0.00
43.82	194.51	38.00	-50.00	0.00	0.00
43.82	345.49	70.00	50.00	0.00	0.00
44.17	201.78	39.00	45.00	0.00	0.00
44.17	21.78	3.00	-45.00	0.00	0.00
44.17	338.22	69.00	-45.00	0.00	0.00
44.17	158.22	33.00	45.00	0.00	0.00
44.52	37.01	5.00	55.00	0.00	0.00
44.52	142.99	31.00	-55.00	0.00	0.00
44.52	217.01	41.00	-55.00	0.00	0.00
44.52	322.99	67.00	55.00	0.00	0.00
45.00	201.44	39.00	-50.00	0.00	0.00
45.00	21.44	3.00	50.00	0.00	0.00
45.00	158.56	33.00	-50.00	0.00	0.00
45.00	338.56	69.00	50.00	0.00	0.00
45.67	331.48	68.00	-45.00	0.00	0.00
45.67	28.52	4.00	-45.00	0.00	0.00
45.67	208.52	40.00	45.00	0.00	0.00
45.67	151.48	32.00	45.00	0.00	0.00
45.68	233.20	43.00	55.00	0.00	0.00
45.68	53.20	7.00	-55.00	0.00	0.00
45.68	126.80	29.00	55.00	0.00	0.00
45.68	306.80	65.00	-55.00	0.00	0.00
46.01	43.95	6.00	-50.00	0.00	0.00
46.01	136.05	30.00	50.00	0.00	0.00
46.01	223.95	42.00	50.00	0.00	0.00
46.01	316.05	66.00	-50.00	0.00	0.00
46.57	62.13	8.00	-60.00	0.00	0.00
46.57	242.13	44.00	60.00	0.00	0.00
46.57	117.87	28.00	60.00	0.00	0.00
46.57	297.87	64.00	-60.00	0.00	0.00
46.60	28.04	4.00	50.00	0.00	0.00
46.60	208.04	40.00	-50.00	0.00	0.00
46.60	331.96	68.00	50.00	0.00	0.00
46.60	151.96	32.00	-50.00	0.00	0.00
46.87	51.72	7.00	60.00	0.00	0.00
46.87	128.28	29.00	-60.00	0.00	0.00
46.87	231.72	43.00	-60.00	0.00	0.00
46.87	308.28	65.00	60.00	0.00	0.00
47.15	42.93	6.00	55.00	0.00	0.00
47.15	137.07	30.00	-55.00	0.00	0.00
47.15	222.93	42.00	-55.00	0.00	0.00
47.15	317.07	66.00	55.00	0.00	0.00
47.15	0.00	0.00	-40.00	0.00	0.00
47.15	180.00	36.00	40.00	0.00	0.00
47.34	6.80	1.00	-40.00	0.00	0.00
47.34	173.20	35.00	40.00	0.00	0.00
47.34	186.80	37.00	40.00	0.00	0.00
47.34	353.20	71.00	-40.00	0.00	0.00
47.53	214.90	41.00	45.00	0.00	0.00
47.53	34.90	5.00	-45.00	0.00	0.00
47.53	145.10	31.00	45.00	0.00	0.00
47.53	325.10	67.00	-45.00	0.00	0.00
47.85	0.00	0.00	45.00	0.00	0.00
47.85	180.00	36.00	-45.00	0.00	0.00
47.91	166.48	34.00	40.00	0.00	0.00
47.91	13.52	2.00	-40.00	0.00	0.00
47.91	193.52	38.00	40.00	0.00	0.00
47.91	346.48	70.00	-40.00	0.00	0.00
48.05	6.72	1.00	45.00	0.00	0.00
48.05	173.28	35.00	-45.00	0.00	0.00
48.05	186.72	37.00	-45.00	0.00	0.00
48.05	353.28	71.00	45.00	0.00	0.00
48.59	214.25	41.00	-50.00	0.00	0.00
48.59	34.25	5.00	50.00	0.00	0.00
48.59	145.75	31.00	-50.00	0.00	0.00
48.59	325.75	67.00	50.00	0.00	0.00
48.67	13.35	2.00	45.00	0.00	0.00
48.67	166.65	34.00	-45.00	0.00	0.00
48.67	193.35	38.00	-45.00	0.00	0.00
48.67	346.65	70.00	45.00	0.00	0.00
48.80	229.58	43.00	50.00	0.00	0.00
48.80	49.58	7.00	-50.00	0.00	0.00
48.80	130.42	29.00	50.00	0.00	0.00
48.80	310.42	65.00	-50.00	0.00	0.00
48.84	20.08	3.00	-40.00	0.00	0.00
48.84	200.08	39.00	40.00	0.00	0.00
48.84	339.92	69.00	-40.00	0.00	0.00
48.84	159.92	33.00	40.00	0.00	0.00
49.06	58.19	8.00	-55.00	0.00	0.00
49.06	238.19	44.00	55.00	0.00	0.00
49.06	121.81	28.00	55.00	0.00	0.00
49.06	301.81	64.00	-55.00	0.00	0.00
49.68	19.82	3.00	45.00	0.00	0.00
49.68	160.18	33.00	-45.00	0.00	0.00
49.68	199.82	39.00	-45.00	0.00	0.00
49.68	340.18	69.00	45.00	0.00	0.00
49.70	40.90	6.00	-45.00	0.00	0.00
49.70	139.10	30.00	45.00	0.00	0.00
49.70	220.90	42.00	45.00	0.00	0.00
49.70	319.10	66.00	-45.00	0.00	0.00
50.08	228.33	43.00	-55.00	0.00	0.00
50.08	48.33	7.00	55.00	0.00	0.00
50.08	131.67	29.00	-55.00	0.00	0.00
50.08	311.67	65.00	55.00	0.00	0.00
50.11	26.44	4.00	-40.00	0.00	0.00
50.11	153.56	32.00	40.00	0.00	0.00
50.11	206.44	40.00	40.00	0.00	0.00
50.11	333.56	68.00	-40.00	0.00	0.00
50.37	56.46	8.00	60.00	0.00	0.00
50.37	236.46	44.00	-60.00	0.00	0.00
50.37	123.54	28.00	-60.00	0.00	0.00
50.37	303.54	64.00	60.00	0.00	0.00
50.47	66.29	9.00	-60.00	0.00	0.00
50.47	246.29	45.00	60.00	0.00	0.00
50.47	113.71	27.00	60.00	0.00	0.00
50.47	293.71	63.00	-60.00	0.00	0.00
50.90	40.05	6.00	50.00	0.00	0.00
50.90	139.95	30.00	-50.00	0.00	0.00
50.90	220.05	42.00	-50.00	0.00	0.00
50.90	319.95	66.00	50.00	0.00	0.00
51.06	26.05	4.00	45.00	0.00	0.00
51.06	153.95	32.00	-45.00	0.00	0.00
51.06	206.05	40.00	-45.00	0.00	0.00
51.06	333.95	68.00	45.00	0.00	0.00
51.69	212.54	41.00	40.00	0.00	0.00
51.69	32.54	5.00	-40.00	0.00	0.00
51.69	147.46	31.00	40.00	0.00	0.00
51.69	327.46	67.00	-40.00	0.00	0.00
51.83	54.75	8.00	-50.00	0.00	0.00
51.83	234.75	44.00	50.00	0.00	0.00
51.83	125.25	28.00	50.00	0.00	0.00
51.83	305.25	64.00	-50.00	0.00	0.00
52.15	226.51	43.00	45.00	0.00	0.00
52.15	46.51	7.00	-45.00	0.00	0.00
52.15	133.49	29.00	45.00	0.00	0.00
52.15	313.49	65.00	-45.00	0.00	0.00
52.15	0.00	0.00	-35.00	0.00	0.00
52.15	180.00	36.00	35.00	0.00	0.00
52.31	6.32	1.00	-35.00	0.00	0.00
52.31	173.68	35.00	35.00	0.00	0.00
52.31	186.32	37.00	35.00	0.00	0.00
52.31	353.68	71.00	-35.00	0.00	0.00
52.63	242.71	45.00	55.00	0.00	0.00
52.63	62.71	9.00	-55.00	0.00	0.00
52.63	117.29	27.00	55.00	0.00	0.00
52.63	297.29	63.00	-55.00	0.00	0.00
52.77	32.01	5.00	45.00	0.00	0.00
52.77	147.99	31.00	-45.00	0.00	0.00
52.77	212.01	41.00	-45.00	0.00	0.00
52.77	327.99	67.00	45.00	0.00	0.00
52.78	167.42	34.00	35.00	0.00	0.00
52.78	12.58	2.00	-35.00	0.00	0.00
52.78	192.58	38.00	35.00	0.00	0.00
52.78	347.42	70.00	-35.00	0.00	0.00
52.85	0.00	0.00	40.00	0.00	0.00
52.85	180.00	36.00	-40.00	0.00	0.00
53.02	6.26	1.00	40.00	0.00	0.00
53.02	186.26	37.00	-40.00	0.00	0.00
53.02	353.74	71.00	40.00	0.00	0.00
53.02	173.74	35.00	-40.00	0.00	0.00
53.26	53.24	8.00	55.00	0.00	0.00
53.26	233.24	44.00	-55.00	0.00	0.00
53.26	126.76	28.00	-55.00	0.00	0.00
53.26	306.76	64.00	55.00	0.00	0.00
53.50	45.45	7.00	50.00	0.00	0.00
53.50	134.55	29.00	-50.00	0.00	0.00
53.50	225.45	43.00	-50.00	0.00	0.00
53.50	314.55	65.00	50.00	0.00	0.00
53.54	12.45	2.00	40.00	0.00	0.00
53.54	167.55	34.00	-40.00	0.00	0.00
53.54	192.45	38.00	-40.00	0.00	0.00
53.54	347.55	70.00	40.00	0.00	0.00
53.56	18.74	3.00	-35.00	0.00	0.00
53.56	161.26	33.00	35.00	0.00	0.00
53.56	198.74	39.00	35.00	0.00	0.00
53.56	341.26	69.00	-35.00	0.00	0.00
53.56	38.37	6.00	-40.00	0.00	0.00
53.56	141.63	30.00	40.00	0.00	0.00
53.56	218.37	42.00	40.00	0.00	0.00
53.56	321.63	66.00	-40.00	0.00	0.00
54.07	240.71	45.00	-60.00	0.00	0.00
54.07	60.71	9.00	60.00	0.00	0.00
54.07	119.29	27.00	-60.00	0.00	0.00
54.07	299.29	63.00	60.00	0.00	0.00
54.40	18.54	3.00	40.00	0.00	0.00
54.40	198.54	39.00	-40.00	0.00	0.00
54.40	341.46	69.00	40.00	0.00	0.00
54.40	161.46	33.00	-40.00	0.00	0.00
54.49	250.03	46.00	60.00	0.00	0.00
54.49	70.03	10.00	-60.00	0.00	0.00
54.49	109.97	26.00	60.00	0.00	0.00
54.49	289.97	62.00	-60.00	0.00	0.00
54.62	24.77	4.00	-35.00	0.00	0.00
54.62	204.77	40.00	35.00	0.00	0.00
54.62	335.23	68.00	-35.00	0.00	0.00
54.62	155.23	32.00	35.00	0.00	0.00
54.79	37.67	6.00	45.00	0.00	0.00
54.79	142.33	30.00	-45.00	0.00	0.00
54.79	217.67	42.00	-45.00	0.00	0.00
54.79	322.33	66.00	45.00	0.00	0.00
54.82	51.76	8.00	-45.00	0.00	0.00
54.82	128.24	28.00	45.00	0.00	0.00
54.82	231.76	44.00	45.00	0.00	0.00
54.82	308.24	64.00	-45.00	0.00	0.00
55.05	59.51	9.00	-50.00	0.00	0.00
55.05	120.49	27.00	50.00	0.00	0.00
55.05	239.51	45.00	50.00	0.00	0.00
55.05	300.49	63.00	-50.00	0.00	0.00
55.58	24.46	4.00	40.00	0.00	0.00
55.58	155.54	32.00	-40.00	0.00	0.00
55.58	204.46	40.00	-40.00	0.00	0.00
55.58	335.54	68.00	40.00	0.00	0.00
55.67	223.92	43.00	40.00	0.00	0.00
55.67	43.92	7.00	-40.00	0.00	0.00
55.67	316.08	65.00	-40.00	0.00	0.00
55.67	136.08	29.00	40.00	0.00	0.00
55.95	210.63	41.00	35.00	0.00	0.00
55.95	30.63	5.00	-35.00	0.00	0.00
55.95	149.37	31.00	35.00	0.00	0.00
55.95	329.37	67.00	-35.00	0.00	0.00
56.33	246.82	46.00	55.00	0.00	0.00
56.33	66.82	10.00	-55.00	0.00	0.00
56.33	113.18	26.00	55.00	0.00	0.00
56.33	293.18	62.00	-55.00	0.00	0.00
56.35	50.47	8.00	50.00	0.00	0.00
56.35	230.47	44.00	-50.00	0.00	0.00
56.35	129.53	28.00	-50.00	0.00	0.00
56.35	309.53	64.00	50.00	0.00	0.00
56.63	57.74	9.00	55.00	0.00	0.00
56.63	122.26	27.00	-55.00	0.00	0.00
56.63	237.74	45.00	-55.00	0.00	0.00
56.63	302.26	63.00	55.00	0.00	0.00
57.06	210.20	41.00	-40.00	0.00	0.00
57.06	30.20	5.00	40.00	0.00	0.00
57.06	149.80	31.00	-40.00	0.00	0.00
57.06	329.80	67.00	40.00	0.00	0.00
57.08	43.03	7.00	45.00	0.00	0.00
57.08	223.03	43.00	-45.00	0.00	0.00
57.08	136.97	29.00	-45.00	0.00	0.00
57.08	316.97	65.00	45.00	0.00	0.00
57.15	0.00	0.00	-30.00	0.00	0.00
57.15	180.00	36.00	30.00	0.00	0.00
57.28	5.94	1.00	-30.00	0.00	0.00
57.28	174.06	35.00	30.00	0.00	0.00
57.28	185.94	37.00	30.00	0.00	0.00
57.28	354.06	71.00	-30.00	0.00	0.00
57.53	36.29	6.00	-35.00	0.00	0.00
57.53	143.71	30.00	35.00	0.00	0.00
57.53	216.29	42.00	35.00	0.00	0.00
57.53	323.71	66.00	-35.00	0.00	0.00
57.67	11.84	2.00	-30.00	0.00	0.00
57.67	168.16	34.00	30.00	0.00	0.00
57.67	191.84	38.00	30.00	0.00	0.00
57.67	348.16	70.00	-30.00	0.00	0.00
57.69	236.68	45.00	45.00	0.00	0.00
57.69	56.68	9.00	-45.00	0.00	0.00
57.69	123.32	27.00	45.00	0.00	0.00
57.69	303.32	63.00	-45.00	0.00	0.00
57.85	0.00	0.00	35.00	0.00	0.00
57.85	180.00	36.00	-35.00	0.00	0.00
57.92	244.56	46.00	-60.00	0.00	0.00
57.92	64.56	10.00	60.00	0.00	0.00
57.92	115.44	26.00	-60.00	0.00	0.00
57.92	295.44	62.00	60.00	0.00	0.00
57.99	5.89	1.00	35.00	0.00	0.00
57.99	174.11	35.00	-35.00	0.00	0.00
57.99	185.89	37.00	-35.00	0.00	0.00
57.99	354.11	71.00	35.00	0.00	0.00
58.01	49.20	8.00	-40.00	0.00	0.00
58.01	130.80	28.00	40.00	0.00	0.00
58.01	229.20	44.00	40.00	0.00	0.00
58.01	310.80	64.00	-40.00	0.00	0.00
58.31	197.69	39.00	30.00	0.00	0.00
58.31	17.69	3.00	-30.00	0.00	0.00
58.31	342.31	69.00	-30.00	0.00	0.00
58.31	162.31	33.00	30.00	0.00	0.00
58.42	63.91	10.00	-50.00	0.00	0.00
58.42	116.09	26.00	50.00	0.00	0.00
58.42	243.91	46.00	50.00	0.00	0.00
58.42	296.09	62.00	-50.00	0.00	0.00
58.43	11.74	2.00	35.00	0.00	0.00
58.43	168.26	34.00	-35.00	0.00	0.00
58.43	191.74	38.00	-35.00	0.00	0.00
58.43	348.26	70.00	35.00	0.00	0.00
58.60	253.43	47.00	60.00	0.00	0.00
58.60	73.43	11.00	-60.00	0.00	0.00
58.60	286.57	61.00	-60.00	0.00	0.00
58.60	106.57	25.00	60.00	0.00	0.00
58.81	35.72	6.00	40.00	0.00	0.00
58.81	144.28	30.00	-40.00	0.00	0.00
58.81	215.72	42.00	-40.00	0.00	0.00
58.81	324.28	66.00	40.00	0.00	0.00
59.16	17.52	3.00	35.00	0.00	0.00
59.16	197.52	39.00	-35.00	0.00	0.00
59.16	342.48	69.00	35.00	0.00	0.00
59.16	162.48	33.00	-35.00	0.00	0.00
59.18	156.56	32.00	30.00	0.00	0.00
59.18	336.56	68.00	-30.00	0.00	0.00
59.18	23.44	4.00	-30.00	0.00	0.00
59.18	203.44	40.00	30.00	0.00	0.00
59.34	41.76	7.00	-35.00	0.00	0.00
59.34	221.76	43.00	35.00	0.00	0.00
59.34	138.24	29.00	35.00	0.00	0.00
59.34	318.24	65.00	-35.00	0.00	0.00
59.40	235.14	45.00	-50.00	0.00	0.00
59.40	55.14	9.00	50.00	0.00	0.00
59.40	124.86	27.00	-50.00	0.00	0.00
59.40	304.86	63.00	50.00	0.00	0.00
59.61	48.10	8.00	45.00	0.00	0.00
59.61	228.10	44.00	-45.00	0.00	0.00
59.61	131.90	28.00	-45.00	0.00	0.00
59.61	311.90	64.00	45.00	0.00	0.00
60.15	250.61	47.00	55.00	0.00	0.00
60.15	70.61	11.00	-55.00	0.00	0.00
60.15	289.39	61.00	-55.00	0.00	0.00
60.15	109.39	25.00	55.00	0.00	0.00
60.16	23.19	4.00	35.00	0.00	0.00
60.16	156.81	32.00	-35.00	0.00	0.00
60.16	203.19	40.00	-35.00	0.00	0.00
60.16	336.81	68.00	35.00	0.00	0.00
60.17	241.88	46.00	-55.00	0.00	0.00
60.17	61.88	10.00	55.00	0.00	0.00
60.17	118.12	26.00	-55.00	0.00	0.00
60.17	298.12	62.00	55.00	0.00	0.00
60.29	29.08	5.00	-30.00	0.00	0.00
60.29	150.92	31.00	30.00	0.00	0.00
60.29	209.08	41.00	30.00	0.00	0.00
60.29	330.92	67.00	-30.00	0.00	0.00
60.53	234.21	45.00	40.00	0.00	0.00
60.53	54.21	9.00	-40.00	0.00	0.00
60.53	125.79	27.00	40.00	0.00	0.00
60.53	305.79	63.00	-40.00	0.00	0.00
60.72	61.30	10.00	-45.00	0.00	0.00
60.72	241.30	46.00	45.00	0.00	0.00
60.72	118.70	26.00	45.00	0.00	0.00
60.72	298.70	62.00	-45.00	0.00	0.00
60.80	221.02	43.00	-40.00	0.00	0.00
60.80	41.02	7.00	40.00	0.00	0.00
60.80	138.98	29.00	-40.00	0.00	0.00
60.80	318.98	65.00	40.00	0.00	0.00
61.35	47.02	8.00	-35.00	0.00	0.00
61.35	227.02	44.00	35.00	0.00	0.00
61.35	132.98	28.00	35.00	0.00	0.00
61.35	312.98	64.00	-35.00	0.00	0.00
61.41	208.73	41.00	-35.00	0.00	0.00
61.41	28.73	5.00	35.00	0.00	0.00
61.41	151.27	31.00	-35.00	0.00	0.00
61.41	331.27	67.00	35.00	0.00	0.00
61.61	34.59	6.00	-30.00	0.00	0.00
61.61	145.41	30.00	30.00	0.00	0.00
61.61	214.59	42.00	30.00	0.00	0.00
61.61	325.41	66.00	-30.00	0.00	0.00
61.88	248.07	47.00	-60.00	0.00	0.00
61.88	68.07	11.00	60.00	0.00	0.00
61.88	291.93	61.00	60.00	0.00	0.00
61.88	111.93	25.00	-60.00	0.00	0.00
61.92	68.02	11.00	-50.00	0.00	0.00
61.92	248.02	47.00	50.00	0.00	0.00
61.92	291.98	61.00	-50.00	0.00	0.00
61.92	111.98	25.00	50.00	0.00	0.00
62.15	0.00	0.00	-25.00	0.00	0.00
62.15	180.00	36.00	25.00	0.00	0.00
62.26	5.64	1.00	-25.00	0.00	0.00
62.26	185.64	37.00	25.00	0.00	0.00
62.26	354.36	71.00	-25.00	0.00	0.00
62.26	174.36	35.00	25.00	0.00	0.00
62.34	52.88	9.00	45.00	0.00	0.00
62.34	232.88	45.00	-45.00	0.00	0.00
62.34	127.12	27.00	-45.00	0.00	0.00
62.34	307.12	63.00	45.00	0.00	0.00
62.57	11.27	2.00	-25.00	0.00	0.00
62.57	168.73	34.00	25.00	0.00	0.00
62.57	191.27	38.00	25.00	0.00	0.00
62.57	348.73	70.00	-25.00	0.00	0.00
62.62	59.50	10.00	50.00	0.00	0.00
62.62	120.50	26.00	-50.00	0.00	0.00
62.62	239.50	46.00	-50.00	0.00	0.00
62.62	300.50	62.00	50.00	0.00	0.00
62.79	256.56	48.00	60.00	0.00	0.00
62.79	76.56	12.00	-60.00	0.00	0.00
62.79	283.44	60.00	-60.00	0.00	0.00
62.79	103.44	24.00	60.00	0.00	0.00
62.85	0.00	0.00	30.00	0.00	0.00
62.85	180.00	36.00	-30.00	0.00	0.00
62.91	34.12	6.00	35.00	0.00	0.00
62.91	145.88	30.00	-35.00	0.00	0.00
62.91	214.12	42.00	-35.00	0.00	0.00
62.91	325.88	66.00	35.00	0.00	0.00
62.97	5.61	1.00	30.00	0.00	0.00
62.97	174.39	35.00	-30.00	0.00	0.00
62.97	185.61	37.00	-30.00	0.00	0.00
62.97	354.39	71.00	30.00	0.00	0.00
63.01	46.09	8.00	40.00	0.00	0.00
63.01	133.91	28.00	-40.00	0.00	0.00
63.01	226.09	44.00	-40.00	0.00	0.00
63.01	313.91	64.00	40.00	0.00	0.00
63.08	16.85	3.00	-25.00	0.00	0.00
63.08	163.15	33.00	25.00	0.00	0.00
63.08	196.85	39.00	25.00	0.00	0.00
63.08	343.15	69.00	-25.00	0.00	0.00
63.12	39.96	7.00	-30.00	0.00	0.00
63.12	219.96	43.00	30.00	0.00	0.00
63.12	140.04	29.00	30.00	0.00	0.00
63.12	320.04	65.00	-30.00	0.00	0.00
63.21	58.99	10.00	-40.00	0.00	0.00
63.21	238.99	46.00	40.00	0.00	0.00
63.21	121.01	26.00	40.00	0.00	0.00
63.21	301.01	62.00	-40.00	0.00	0.00
63.33	11.19	2.00	30.00	0.00	0.00
63.33	168.81	34.00	-30.00	0.00	0.00
63.33	191.19	38.00	-30.00	0.00	0.00
63.33	348.81	70.00	30.00	0.00	0.00
63.53	232.09	45.00	35.00	0.00	0.00
63.53	52.09	9.00	-35.00	0.00	0.00
63.53	127.91	27.00	35.00	0.00	0.00
63.53	307.91	63.00	-35.00	0.00	0.00
63.79	22.38	4.00	-25.00	0.00	0.00
63.79	202.38	40.00	25.00	0.00	0.00
63.79	337.62	68.00	-25.00	0.00	0.00
63.79	157.62	32.00	25.00	0.00	0.00
63.85	65.71	11.00	55.00	0.00	0.00
63.85	245.71	47.00	-55.00	0.00	0.00
63.85	294.29	61.00	55.00	0.00	0.00
63.85	114.29	25.00	-55.00	0.00	0.00
63.88	245.67	47.00	45.00	0.00	0.00
63.88	65.67	11.00	-45.00	0.00	0.00
63.88	294.33	61.00	-45.00	0.00	0.00
63.88	114.33	25.00	45.00	0.00	0.00
63.94	16.72	3.00	30.00	0.00	0.00
63.94	163.28	33.00	-30.00	0.00	0.00
63.94	196.72	39.00	-30.00	0.00	0.00
63.94	343.28	69.00	30.00	0.00	0.00
64.05	254.14	48.00	55.00	0.00	0.00
64.05	74.14	12.00	-55.00	0.00	0.00
64.05	285.86	60.00	-55.00	0.00	0.00
64.05	105.86	24.00	55.00	0.00	0.00
64.62	219.35	43.00	-35.00	0.00	0.00
64.62	39.35	7.00	35.00	0.00	0.00
64.62	140.65	29.00	-35.00	0.00	0.00
64.62	320.65	65.00	35.00	0.00	0.00
64.69	27.83	5.00	-25.00	0.00	0.00
64.69	152.17	31.00	25.00	0.00	0.00
64.69	207.83	41.00	25.00	0.00	0.00
64.69	332.17	67.00	-25.00	0.00	0.00
64.77	22.19	4.00	30.00	0.00	0.00
64.77	157.81	32.00	-30.00	0.00	0.00
64.77	202.19	40.00	-30.00	0.00	0.00
64.77	337.81	68.00	30.00	0.00	0.00
64.81	45.19	8.00	-30.00	0.00	0.00
64.81	134.81	28.00	30.00	0.00	0.00
64.81	225.19	44.00	30.00	0.00	0.00
64.81	314.81	64.00	-30.00	0.00	0.00
65.24	57.41	10.00	45.00	0.00	0.00
65.24	122.59	26.00	-45.00	0.00	0.00
65.24	237.41	46.00	-45.00	0.00	0.00
65.24	302.59	62.00	45.00	0.00	0.00
65.42	50.95	9.00	40.00	0.00	0.00
65.42	129.05	27.00	-40.00	0.00	0.00
65.42	230.95	45.00	-40.00	0.00	0.00
65.42	309.05	63.00	40.00	0.00	0.00
65.51	71.89	12.00	-50.00	0.00	0.00
65.51	251.89	48.00	50.00	0.00	0.00
65.51	288.11	60.00	-50.00	0.00	0.00
65.51	108.11	24.00	50.00	0.00	0.00
65.76	33.21	6.00	-25.00	0.00	0.00
65.76	146.79	30.00	25.00	0.00	0.00
65.76	213.21	42.00	25.00	0.00	0.00
65.76	326.79	66.00	-25.00	0.00	0.00
65.82	27.56	5.00	30.00	0.00	0.00
65.82	152.44	31.00	-30.00	0.00	0.00
65.82	207.56	41.00	-30.00	0.00	0.00
65.82	332.44	67.00	30.00	0.00	0.00
65.86	56.97	10.00	-35.00	0.00	0.00
65.86	123.03	26.00	35.00	0.00	0.00
65.86	236.97	46.00	35.00	0.00	0.00
65.86	303.03	62.00	-35.00	0.00	0.00
65.94	251.30	48.00	-60.00	0.00	0.00
65.94	71.30	12.00	60.00	0.00	0.00
65.94	288.70	60.00	60.00	0.00	0.00
65.94	108.70	24.00	-60.00	0.00	0.00
65.99	243.59	47.00	-50.00	0.00	0.00
65.99	63.59	11.00	50.00	0.00	0.00
65.99	296.41	61.00	50.00	0.00	0.00
65.99	116.41	25.00	-50.00	0.00	0.00
66.03	63.56	11.00	-40.00	0.00	0.00
66.03	243.56	47.00	40.00	0.00	0.00
66.03	296.44	61.00	-40.00	0.00	0.00
66.03	116.44	25.00	40.00	0.00	0.00
66.54	44.42	8.00	35.00	0.00	0.00
66.54	135.58	28.00	-35.00	0.00	0.00
66.54	224.42	44.00	-35.00	0.00	0.00
66.54	315.58	64.00	35.00	0.00	0.00
66.66	50.28	9.00	-30.00	0.00	0.00
66.66	129.72	27.00	30.00	0.00	0.00
66.66	230.28	45.00	30.00	0.00	0.00
66.66	309.72	63.00	-30.00	0.00	0.00
67.00	38.49	7.00	-25.00	0.00	0.00
67.00	218.49	43.00	25.00	0.00	0.00
67.00	141.51	29.00	25.00	0.00	0.00
67.00	321.51	65.00	-25.00	0.00	0.00
67.02	259.48	49.00	60.00	0.00	0.00
67.02	280.52	59.00	-60.00	0.00	0.00
67.02	79.48	13.00	-60.00	0.00	0.00
67.02	100.52	23.00	60.00	0.00	0.00
67.08	32.83	6.00	30.00	0.00	0.00
67.08	147.17	30.00	-30.00	0.00	0.00
67.08	212.83	42.00	-30.00	0.00	0.00
67.08	327.17	66.00	30.00	0.00	0.00
67.15	0.00	0.00	-20.00	0.00	0.00
67.15	180.00	36.00	20.00	0.00	0.00
67.16	249.81	48.00	45.00	0.00	0.00
67.16	69.81	12.00	-45.00	0.00	0.00
67.16	290.19	60.00	-45.00	0.00	0.00
67.16	110.19	24.00	45.00	0.00	0.00
67.23	5.42	1.00	-20.00	0.00	0.00
67.23	185.42	37.00	20.00	0.00	0.00
67.23	354.58	71.00	-20.00	0.00	0.00
67.23	174.58	35.00	20.00	0.00	0.00
67.48	10.82	2.00	-20.00	0.00	0.00
67.48	169.18	34.00	20.00	0.00	0.00
67.48	190.82	38.00	20.00	0.00	0.00
67.48	349.18	70.00	-20.00	0.00	0.00
67.63	249.28	48.00	-55.00	0.00	0.00
67.63	69.28	12.00	55.00	0.00	0.00
67.63	110.72	24.00	-55.00	0.00	0.00
67.63	290.72	60.00	55.00	0.00	0.00
67.85	0.00	0.00	25.00	0.00	0.00
67.85	180.00	36.00	-25.00	0.00	0.00
67.88	16.20	3.00	-20.00	0.00	0.00
67.88	163.80	33.00	20.00	0.00	0.00
67.88	196.20	39.00	20.00	0.00	0.00
67.88	343.80	69.00	-20.00	0.00	0.00
67.95	5.39	1.00	25.00	0.00	0.00
67.95	174.61	35.00	-25.00	0.00	0.00
67.95	185.39	37.00	-25.00	0.00	0.00
67.95	354.61	71.00	25.00	0.00	0.00
68.00	235.61	46.00	-40.00	0.00	0.00
68.00	55.61	10.00	40.00	0.00	0.00
68.00	124.39	26.00	-40.00	0.00	0.00
68.00	304.39	62.00	40.00	0.00	0.00
68.02	257.45	49.00	55.00	0.00	0.00
68.02	77.45	13.00	-55.00	0.00	0.00
68.02	282.55	59.00	-55.00	0.00	0.00
68.02	102.55	23.00	55.00	0.00	0.00
68.24	10.76	2.00	25.00	0.00	0.00
68.24	169.24	34.00	-25.00	0.00	0.00
68.24	190.76	38.00	-25.00	0.00	0.00
68.24	349.24	70.00	25.00	0.00	0.00
68.29	241.72	47.00	-45.00	0.00	0.00
68.29	61.72	11.00	45.00	0.00	0.00
68.29	298.28	61.00	45.00	0.00	0.00
68.29	118.28	25.00	-45.00	0.00	0.00
68.33	61.69	11.00	-35.00	0.00	0.00
68.33	241.69	47.00	35.00	0.00	0.00
68.33	298.31	61.00	-35.00	0.00	0.00
68.33	118.31	25.00	35.00	0.00	0.00
68.39	43.67	8.00	-25.00	0.00	0.00
68.39	136.33	28.00	25.00	0.00	0.00
68.39	223.67	44.00	25.00	0.00	0.00
68.39	316.33	64.00	-25.00	0.00	0.00
68.43	21.55	4.00	-20.00	0.00	0.00
68.43	158.45	32.00	20.00	0.00	0.00
68.43	201.55	40.00	20.00	0.00	0.00
68.43	338.45	68.00	-20.00	0.00	0.00
68.53	38.00	7.00	30.00	0.00	0.00
68.53	142.00	29.00	-30.00	0.00	0.00
68.53	218.00	43.00	-30.00	0.00	0.00
68.53	322.00	65.00	30.00	0.00	0.00
68.63	49.32	9.00	35.00	0.00	0.00
68.63	130.68	27.00	-35.00	0.00	0.00
68.63	229.32	45.00	-35.00	0.00	0.00
68.63	310.68	63.00	35.00	0.00	0.00
68.65	55.23	10.00	-30.00	0.00	0.00
68.65	124.77	26.00	30.00	0.00	0.00
68.65	235.23	46.00	30.00	0.00	0.00
68.65	304.77	62.00	-30.00	0.00	0.00
68.73	196.10	39.00	-25.00	0.00	0.00
68.73	16.10	3.00	25.00	0.00	0.00
68.73	163.90	33.00	-25.00	0.00	0.00
68.73	343.90	69.00	25.00	0.00	0.00
68.96	247.93	48.00	40.00	0.00	0.00
68.96	67.93	12.00	-40.00	0.00	0.00
68.96	112.07	24.00	40.00	0.00	0.00
68.96	292.07	60.00	-40.00	0.00	0.00
69.13	206.86	41.00	20.00	0.00	0.00
69.13	26.86	5.00	-20.00	0.00	0.00
69.13	153.14	31.00	20.00	0.00	0.00
69.13	333.14	67.00	-20.00	0.00	0.00
69.19	255.55	49.00	50.00	0.00	0.00
69.19	75.55	13.00	-50.00	0.00	0.00
69.19	284.45	59.00	-50.00	0.00	0.00
69.19	104.45	23.00	50.00	0.00	0.00
69.41	21.40	4.00	25.00	0.00	0.00
69.41	158.60	32.00	-25.00	0.00	0.00
69.41	201.40	40.00	-25.00	0.00	0.00
69.41	338.60	68.00	25.00	0.00	0.00
69.47	67.46	12.00	50.00	0.00	0.00
69.47	247.46	48.00	-50.00	0.00	0.00
69.47	292.54	60.00	50.00	0.00	0.00
69.47	112.54	24.00	-50.00	0.00	0.00
69.91	48.76	9.00	-25.00	0.00	0.00
69.91	228.76	45.00	25.00	0.00	0.00
69.91	131.24	27.00	25.00	0.00	0.00
69.91	311.24	63.00	-25.00	0.00	0.00
69.97	32.11	6.00	-20.00	0.00	0.00
69.97	147.89	30.00	20.00	0.00	0.00
69.97	212.11	42.00	20.00	0.00	0.00
69.97	327.89	66.00	-20.00	0.00	0.00
70.08	254.32	49.00	-60.00	0.00	0.00
70.08	74.32	13.00	60.00	0.00	0.00
70.08	285.68	59.00	60.00	0.00	0.00
70.08	105.68	23.00	-60.00	0.00	0.00
70.15	43.04	8.00	30.00	0.00	0.00
70.15	223.04	44.00	-30.00	0.00	0.00
70.15	136.96	28.00	-30.00	0.00	0.00
70.15	316.96	64.00	30.00	0.00	0.00
70.27	26.64	5.00	25.00	0.00	0.00
70.27	206.64	41.00	-25.00	0.00	0.00
70.27	153.36	31.00	-25.00	0.00	0.00
70.27	333.36	67.00	25.00	0.00	0.00
70.51	253.78	49.00	45.00	0.00	0.00
70.51	286.22	59.00	-45.00	0.00	0.00
70.51	73.78	13.00	-45.00	0.00	0.00
70.51	106.22	23.00	45.00	0.00	0.00
70.72	240.08	47.00	-40.00	0.00	0.00
70.72	60.08	11.00	40.00	0.00	0.00
70.72	119.92	25.00	-40.00	0.00	0.00
70.72	299.92	61.00	40.00	0.00	0.00
70.77	240.06	47.00	30.00	0.00	0.00
70.77	60.06	11.00	-30.00	0.00	0.00
70.77	299.94	61.00	-30.00	0.00	0.00
70.77	119.94	25.00	30.00	0.00	0.00
70.88	234.07	46.00	-35.00	0.00	0.00
70.88	54.07	10.00	35.00	0.00	0.00
70.88	125.93	26.00	-35.00	0.00	0.00
70.88	305.93	62.00	35.00	0.00	0.00
70.91	246.25	48.00	35.00	0.00	0.00
70.91	66.25	12.00	-35.00	0.00	0.00
70.91	113.75	24.00	35.00	0.00	0.00
70.91	293.75	60.00	-35.00	0.00	0.00
70.94	37.31	7.00	-20.00	0.00	0.00
70.94	217.31	43.00	20.00	0.00	0.00
70.94	142.69	29.00	20.00	0.00	0.00
70.94	322.69	65.00	-20.00	0.00	0.00
71.30	262.25	50.00	60.00	0.00	0.00
71.30	82.25	14.00	-60.00	0.00	0.00
71.30	97.75	22.00	60.00	0.00	0.00
71.30	277.75	58.00	-60.00	0.00	0.00
71.30	31.82	6.00	25.00	0.00	0.00
71.30	148.18	30.00	-25.00	0.00	0.00
71.30	211.82	42.00	-25.00	0.00	0.00
71.30	328.18	66.00	25.00	0.00	0.00
71.46	65.83	12.00	45.00	0.00	0.00
71.46	245.83	48.00	-45.00	0.00	0.00
71.46	294.17	60.00	45.00	0.00	0.00
71.46	114.17	24.00	-45.00	0.00	0.00
71.50	252.65	49.00	-55.00	0.00	0.00
71.50	72.65	13.00	55.00	0.00	0.00
71.50	287.35	59.00	55.00	0.00	0.00
71.50	107.35	23.00	-55.00	0.00	0.00
71.56	233.76	46.00	25.00	0.00	0.00
71.56	53.76	10.00	-25.00	0.00	0.00
71.56	126.24	26.00	25.00	0.00	0.00
71.56	306.24	62.00	-25.00	0.00	0.00
71.93	47.98	9.00	30.00	0.00	0.00
71.93	132.02	27.00	-30.00	0.00	0.00
71.93	227.98	45.00	-30.00	0.00	0.00
71.93	312.02	63.00	30.00	0.00	0.00
71.98	252.15	49.00	40.00	0.00	0.00
71.98	72.15	13.00	-40.00	0.00	0.00
71.98	287.85	59.00	-40.00	0.00	0.00
71.98	107.85	23.00	40.00	0.00	0.00
72.04	42.44	8.00	-20.00	0.00	0.00
72.04	137.56	28.00	20.00	0.00	0.00
72.04	222.44	44.00	20.00	0.00	0.00
72.04	317.56	64.00	-20.00	0.00	0.00
72.04	260.61	50.00	55.00	0.00	0.00
72.04	80.61	14.00	-55.00	0.00	0.00
72.04	99.39	22.00	55.00	0.00	0.00
72.04	279.39	58.00	-55.00	0.00	0.00
72.15	0.00	0.00	-15.00	0.00	0.00
72.15	180.00	36.00	15.00	0.00	0.00
72.21	5.25	1.00	-15.00	0.00	0.00
72.21	174.75	35.00	15.00	0.00	0.00
72.21	185.25	37.00	15.00	0.00	0.00
72.21	354.75	71.00	-15.00	0.00	0.00
72.39	10.48	2.00	-15.00	0.00	0.00
72.39	190.48	38.00	15.00	0.00	0.00
72.39	169.52	34.00	15.00	0.00	0.00
72.39	349.52	70.00	-15.00	0.00	0.00
72.50	36.92	7.00	25.00	0.00	0.00
72.50	216.92	43.00	-25.00	0.00	0.00
72.50	143.08	29.00	-25.00	0.00	0.00
72.50	323.08	65.00	25.00	0.00	0.00
72.68	15.71	3.00	-15.00	0.00	0.00
72.68	164.29	33.00	15.00	0.00	0.00
72.68	195.71	39.00	15.00	0.00	0.00
72.68	344.29	69.00	-15.00	0.00	0.00
72.85	0.00	0.00	20.00	0.00	0.00
72.85	180.00	36.00	-20.00	0.00	0.00
72.92	5.22	1.00	20.00	0.00	0.00
72.92	174.78	35.00	-20.00	0.00	0.00
72.92	185.22	37.00	-20.00	0.00	0.00
72.92	354.78	71.00	20.00	0.00	0.00
72.93	259.05	50.00	50.00	0.00	0.00
72.93	79.05	14.00	-50.00	0.00	0.00
72.93	100.95	22.00	50.00	0.00	0.00
72.93	280.95	58.00	-50.00	0.00	0.00
72.98	64.77	12.00	-30.00	0.00	0.00
72.98	244.77	48.00	30.00	0.00	0.00
72.98	115.23	24.00	30.00	0.00	0.00
72.98	295.23	60.00	-30.00	0.00	0.00
73.06	251.13	49.00	-50.00	0.00	0.00
73.06	288.87	59.00	50.00	0.00	0.00
73.06	71.13	13.00	50.00	0.00	0.00
73.06	108.87	23.00	-50.00	0.00	0.00
73.09	20.92	4.00	-15.00	0.00	0.00
73.09	159.08	32.00	15.00	0.00	0.00
73.09	200.92	40.00	15.00	0.00	0.00
73.09	339.08	68.00	-15.00	0.00	0.00
73.16	10.44	2.00	20.00	0.00	0.00
73.16	169.56	34.00	-20.00	0.00	0.00
73.16	190.44	38.00	-20.00	0.00	0.00
73.16	349.56	70.00	20.00	0.00	0.00
73.25	47.52	9.00	-20.00	0.00	0.00
73.25	132.48	27.00	20.00	0.00	0.00
73.25	227.52	45.00	20.00	0.00	0.00
73.25	312.48	63.00	-20.00	0.00	0.00
73.27	238.68	47.00	-35.00	0.00	0.00
73.27	58.68	11.00	35.00	0.00	0.00
73.27	121.32	25.00	-35.00	0.00	0.00
73.27	301.32	61.00	35.00	0.00	0.00
73.32	238.66	47.00	25.00	0.00	0.00
73.32	58.66	11.00	-25.00	0.00	0.00
73.32	121.34	25.00	25.00	0.00	0.00
73.32	301.34	61.00	-25.00	0.00	0.00
73.54	15.64	3.00	20.00	0.00	0.00
73.54	164.36	33.00	-20.00	0.00	0.00
73.54	195.64	39.00	-20.00	0.00	0.00
73.54	344.36	69.00	20.00	0.00	0.00
73.56	244.40	48.00	-40.00	0.00	0.00
73.56	64.40	12.00	40.00	0.00	0.00
73.56	295.60	60.00	40.00	0.00	0.00
73.56	115.60	24.00	-40.00	0.00	0.00
73.57	70.68	13.00	-35.00	0.00	0.00
73.57	250.68	49.00	35.00	0.00	0.00
73.57	289.32	59.00	-35.00	0.00	0.00
73.57	109.32	23.00	35.00	0.00	0.00
73.61	26.10	5.00	-15.00	0.00	0.00
73.61	153.90	31.00	15.00	0.00	0.00
73.61	206.10	41.00	15.00	0.00	0.00
73.61	333.90	67.00	-15.00	0.00	0.00
73.84	41.94	8.00	25.00	0.00	0.00
73.84	138.06	28.00	-25.00	0.00	0.00
73.84	221.94	44.00	-25.00	0.00	0.00
73.84	318.06	64.00	25.00	0.00	0.00
73.86	232.80	46.00	-30.00	0.00	0.00
73.86	52.80	10.00	30.00	0.00	0.00
73.86	127.20	26.00	-30.00	0.00	0.00
73.86	307.20	62.00	30.00	0.00	0.00
73.94	257.60	50.00	45.00	0.00	0.00
73.94	77.60	14.00	-45.00	0.00	0.00
73.94	102.40	22.00	45.00	0.00	0.00
73.94	282.40	58.00	-45.00	0.00	0.00
74.08	20.81	4.00	20.00	0.00	0.00
74.08	159.19	32.00	-20.00	0.00	0.00
74.08	200.81	40.00	-20.00	0.00	0.00
74.08	339.19	68.00	20.00	0.00	0.00
74.23	31.26	6.00	-15.00	0.00	0.00
74.23	148.74	30.00	15.00	0.00	0.00
74.23	211.26	42.00	15.00	0.00	0.00
74.23	328.74	66.00	-15.00	0.00	0.00
74.28	257.17	50.00	-60.00	0.00	0.00
74.28	77.17	14.00	60.00	0.00	0.00
74.28	102.83	22.00	-60.00	0.00	0.00
74.28	282.83	58.00	60.00	0.00	0.00
74.56	52.54	10.00	-20.00	0.00	0.00
74.56	127.46	26.00	20.00	0.00	0.00
74.56	232.54	46.00	20.00	0.00	0.00
74.56	307.46	62.00	-20.00	0.00	0.00
74.73	249.77	49.00	-45.00	0.00	0.00
74.73	290.23	59.00	45.00	0.00	0.00
74.73	69.77	13.00	45.00	0.00	0.00
74.73	110.23	23.00	-45.00	0.00	0.00
74.76	25.94	5.00	20.00	0.00	0.00
74.76	154.06	31.00	-20.00	0.00	0.00
74.76	205.94	41.00	-20.00	0.00	0.00
74.76	334.06	67.00	20.00	0.00	0.00
74.95	36.39	7.00	-15.00	0.00	0.00
74.95	143.61	29.00	15.00	0.00	0.00
74.95	216.39	43.00	15.00	0.00	0.00
74.95	323.61	65.00	-15.00	0.00	0.00
75.07	256.24	50.00	40.00	0.00	0.00
75.07	76.24	14.00	-40.00	0.00	0.00
75.07	103.76	22.00	40.00	0.00	0.00
75.07	283.76	58.00	-40.00	0.00	0.00
75.16	243.48	48.00	25.00	0.00	0.00
75.16	63.48	12.00	-25.00	0.00	0.00
75.16	296.52	60.00	-25.00	0.00	0.00
75.16	116.52	24.00	25.00	0.00	0.00
75.28	249.37	49.00	30.00	0.00	0.00
75.28	69.37	13.00	-30.00	0.00	0.00
75.28	110.63	23.00	30.00	0.00	0.00
75.28	290.63	59.00	-30.00	0.00	0.00
75.32	46.89	9.00	25.00	0.00	0.00
75.32	133.11	27.00	-25.00	0.00	0.00
75.32	226.89	45.00	-25.00	0.00	0.00
75.32	313.11	63.00	25.00	0.00	0.00
75.44	255.85	50.00	-55.00	0.00	0.00
75.44	75.85	14.00	55.00	0.00	0.00
75.44	104.15	22.00	-55.00	0.00	0.00
75.44	284.15	58.00	55.00	0.00	0.00
75.57	31.04	6.00	20.00	0.00	0.00
75.57	148.96	30.00	-20.00	0.00	0.00
75.57	211.04	42.00	-20.00	0.00	0.00
75.57	328.96	66.00	20.00	0.00	0.00
75.60	275.11	57.00	-60.00	0.00	0.00
75.60	84.89	15.00	-60.00	0.00	0.00
75.60	95.11	21.00	60.00	0.00	0.00
75.60	264.89	51.00	60.00	0.00	0.00
75.76	41.48	8.00	-15.00	0.00	0.00
75.76	138.52	28.00	15.00	0.00	0.00
75.76	221.48	44.00	15.00	0.00	0.00
75.76	318.52	64.00	-15.00	0.00	0.00
75.77	243.17	48.00	-35.00	0.00	0.00
75.77	63.17	12.00	35.00	0.00	0.00
75.77	296.83	60.00	35.00	0.00	0.00
75.77	116.83	24.00	-35.00	0.00	0.00
75.91	57.51	11.00	30.00	0.00	0.00
75.91	237.51	47.00	-30.00	0.00	0.00
75.91	302.49	61.00	30.00	0.00	0.00
75.91	122.49	25.00	-30.00	0.00	0.00
75.96	57.49	11.00	-20.00	0.00	0.00
75.96	237.49	47.00	20.00	0.00	0.00
75.96	302.51	61.00	-20.00	0.00	0.00
75.96	122.51	25.00	20.00	0.00	0.00
76.10	276.36	57.00	-55.00	0.00	0.00
76.10	83.64	15.00	-55.00	0.00	0.00
76.10	96.36	21.00	55.00	0.00	0.00
76.10	263.64	51.00	55.00	0.00	0.00
76.31	255.01	50.00	35.00	0.00	0.00
76.31	75.01	14.00	-35.00	0.00	0.00
76.31	104.99	22.00	35.00	0.00	0.00
76.31	284.99	58.00	-35.00	0.00	0.00
76.51	248.57	49.00	-40.00	0.00	0.00
76.51	68.57	13.00	40.00	0.00	0.00
76.51	111.43	23.00	-40.00	0.00	0.00
76.51	291.43	59.00	40.00	0.00	0.00
76.52	36.09	7.00	20.00	0.00	0.00
76.52	143.91	29.00	-20.00	0.00	0.00
76.52	216.09	43.00	-20.00	0.00	0.00
76.52	323.91	65.00	20.00	0.00	0.00
76.66	46.54	9.00	-15.00	0.00	0.00
76.66	133.46	27.00	15.00	0.00	0.00
76.66	226.54	45.00	15.00	0.00	0.00
76.66	313.46	63.00	-15.00	0.00	0.00
76.71	277.56	57.00	-50.00	0.00	0.00
76.71	82.44	15.00	-50.00	0.00	0.00
76.71	97.56	21.00	50.00	0.00	0.00
76.71	262.44	51.00	50.00	0.00	0.00
76.72	254.65	50.00	-50.00	0.00	0.00
76.72	74.65	14.00	50.00	0.00	0.00
76.72	105.35	22.00	-50.00	0.00	0.00
76.72	285.35	58.00	50.00	0.00	0.00
76.92	231.77	46.00	-25.00	0.00	0.00
76.92	51.77	10.00	25.00	0.00	0.00
76.92	128.23	26.00	-25.00	0.00	0.00
76.92	308.23	62.00	25.00	0.00	0.00
77.09	248.23	49.00	25.00	0.00	0.00
77.09	291.77	59.00	-25.00	0.00	0.00
77.09	68.23	13.00	-25.00	0.00	0.00
77.09	111.77	23.00	25.00	0.00	0.00
77.15	0.00	0.00	-10.00	0.00	0.00
77.15	180.00	36.00	10.00	0.00	0.00
77.19	5.12	1.00	-10.00	0.00	0.00
77.19	174.88	35.00	10.00	0.00	0.00
77.19	185.12	37.00	10.00	0.00	0.00
77.19	354.88	71.00	-10.00	0.00	0.00
77.31	10.24	2.00	-10.00	0.00	0.00
77.31	169.76	34.00	10.00	0.00	0.00
77.31	190.24	38.00	10.00	0.00	0.00
77.31	349.76	70.00	-10.00	0.00	0.00
77.41	278.70	57.00	-45.00	0.00	0.00
77.41	81.30	15.00	-45.00	0.00	0.00
77.41	98.70	21.00	45.00	0.00	0.00
77.41	261.30	51.00	45.00	0.00	0.00
77.44	62.40	12.00	-20.00	0.00	0.00
77.44	242.40	48.00	20.00	0.00	0.00
77.44	297.60	60.00	-20.00	0.00	0.00
77.44	117.60	24.00	20.00	0.00	0.00
77.50	164.65	33.00	10.00	0.00	0.00
77.50	195.35	39.00	10.00	0.00	0.00
77.50	15.35	3.00	-10.00	0.00	0.00
77.50	344.65	69.00	-10.00	0.00	0.00
77.58	41.10	8.00	20.00	0.00	0.00
77.58	138.90	28.00	-20.00	0.00	0.00
77.58	221.10	44.00	-20.00	0.00	0.00
77.58	318.90	64.00	20.00	0.00	0.00
77.64	51.56	10.00	-15.00	0.00	0.00
77.64	128.44	26.00	15.00	0.00	0.00
77.64	231.56	46.00	15.00	0.00	0.00
77.64	308.44	62.00	-15.00	0.00	0.00
77.65	253.89	50.00	30.00	0.00	0.00
77.65	73.89	14.00	-30.00	0.00	0.00
77.65	106.11	22.00	30.00	0.00	0.00
77.65	286.11	58.00	-30.00	0.00	0.00
77.77	20.46	4.00	-10.00	0.00	0.00
77.77	159.54	32.00	10.00	0.00	0.00
77.77	200.46	40.00	10.00	0.00	0.00
77.77	339.54	68.00	-10.00	0.00	0.00
77.85	0.00	0.00	15.00	0.00	0.00
77.85	180.00	36.00	-15.00	0.00	0.00
77.90	5.11	1.00	15.00	0.00	0.00
77.90	174.89	35.00	-15.00	0.00	0.00
77.90	185.11	37.00	-15.00	0.00	0.00
77.90	354.89	71.00	15.00	0.00	0.00
78.07	62.13	12.00	30.00	0.00	0.00
78.07	242.13	48.00	-30.00	0.00	0.00
78.07	117.87	24.00	-30.00	0.00	0.00
78.07	297.87	60.00	30.00	0.00	0.00
78.08	10.21	2.00	15.00	0.00	0.00
78.08	169.79	34.00	-15.00	0.00	0.00
78.08	190.21	38.00	-15.00	0.00	0.00
78.08	349.79	70.00	15.00	0.00	0.00
78.09	253.58	50.00	-45.00	0.00	0.00
78.09	73.58	14.00	45.00	0.00	0.00
78.09	106.42	22.00	-45.00	0.00	0.00
78.09	286.42	58.00	45.00	0.00	0.00
78.11	25.55	5.00	-10.00	0.00	0.00
78.11	154.45	31.00	10.00	0.00	0.00
78.11	205.55	41.00	10.00	0.00	0.00
78.11	334.45	67.00	-10.00	0.00	0.00
78.22	279.77	57.00	-40.00	0.00	0.00
78.22	80.23	15.00	-40.00	0.00	0.00
78.22	99.77	21.00	40.00	0.00	0.00
78.22	260.23	51.00	40.00	0.00	0.00
78.36	15.30	3.00	15.00	0.00	0.00
78.36	164.70	33.00	-15.00	0.00	0.00
78.36	195.30	39.00	-15.00	0.00	0.00
78.36	344.70	69.00	15.00	0.00	0.00
78.38	247.54	49.00	-35.00	0.00	0.00
78.38	292.46	59.00	35.00	0.00	0.00
78.38	67.54	13.00	35.00	0.00	0.00
78.38	112.46	23.00	-35.00	0.00	0.00
78.52	30.64	6.00	-10.00	0.00	0.00
78.52	149.36	30.00	10.00	0.00	0.00
78.52	210.64	42.00	10.00	0.00	0.00
78.52	329.36	66.00	-10.00	0.00	0.00
78.52	280.12	57.00	60.00	0.00	0.00
78.52	79.88	15.00	60.00	0.00	0.00
78.52	100.12	21.00	-60.00	0.00	0.00
78.52	259.88	51.00	-60.00	0.00	0.00
78.63	56.57	11.00	25.00	0.00	0.00
78.63	236.57	47.00	-25.00	0.00	0.00
78.63	123.43	25.00	-25.00	0.00	0.00
78.63	303.43	61.00	25.00	0.00	0.00
78.68	56.55	11.00	-15.00	0.00	0.00
78.68	236.55	47.00	15.00	0.00	0.00
78.68	303.45	61.00	-15.00	0.00	0.00
78.68	123.45	25.00	15.00	0.00	0.00
78.76	20.38	4.00	15.00	0.00	0.00
78.76	159.62	32.00	-15.00	0.00	0.00
78.76	200.38	40.00	-15.00	0.00	0.00
78.76	339.62	68.00	15.00	0.00	0.00
78.76	46.06	9.00	20.00	0.00	0.00
78.76	133.94	27.00	-20.00	0.00	0.00
78.76	226.06	45.00	-20.00	0.00	0.00
78.76	313.94	63.00	20.00	0.00	0.00
78.99	67.25	13.00	-20.00	0.00	0.00
78.99	247.25	49.00	20.00	0.00	0.00
78.99	292.75	59.00	-20.00	0.00	0.00
78.99	112.75	23.00	20.00	0.00	0.00
78.99	35.70	7.00	-10.00	0.00	0.00
78.99	144.30	29.00	10.00	0.00	0.00
78.99	215.70	43.00	10.00	0.00	0.00
78.99	324.30	65.00	-10.00	0.00	0.00
79.08	72.91	14.00	-25.00	0.00	0.00
79.08	107.09	22.00	25.00	0.00	0.00
79.08	252.91	50.00	25.00	0.00	0.00
79.08	287.09	58.00	-25.00	0.00	0.00
79.11	280.76	57.00	-35.00	0.00	0.00
79.11	79.24	15.00	-35.00	0.00	0.00
79.11	100.76	21.00	35.00	0.00	0.00
79.11	259.24	51.00	35.00	0.00	0.00
79.26	25.44	5.00	15.00	0.00	0.00
79.26	154.56	31.00	-15.00	0.00	0.00
79.26	205.44	41.00	-15.00	0.00	0.00
79.26	334.56	67.00	15.00	0.00	0.00
79.44	281.08	57.00	55.00	0.00	0.00
79.44	78.92	15.00	55.00	0.00	0.00
79.44	101.08	21.00	-55.00	0.00	0.00
79.44	258.92	51.00	-55.00	0.00	0.00
79.53	40.76	8.00	-10.00	0.00	0.00
79.53	220.76	44.00	10.00	0.00	0.00
79.53	139.24	28.00	10.00	0.00	0.00
79.53	319.24	64.00	-10.00	0.00	0.00
79.54	252.63	50.00	-40.00	0.00	0.00
79.54	72.63	14.00	40.00	0.00	0.00
79.54	107.37	22.00	-40.00	0.00	0.00
79.54	287.37	58.00	40.00	0.00	0.00
79.79	241.51	48.00	15.00	0.00	0.00
79.79	298.49	60.00	-15.00	0.00	0.00
79.79	61.51	12.00	-15.00	0.00	0.00
79.79	118.49	24.00	15.00	0.00	0.00
79.87	30.48	6.00	15.00	0.00	0.00
79.87	149.52	30.00	-15.00	0.00	0.00
79.87	210.48	42.00	-15.00	0.00	0.00
79.87	329.52	66.00	15.00	0.00	0.00
79.92	87.46	16.00	-60.00	0.00	0.00
79.92	92.54	20.00	60.00	0.00	0.00
79.92	267.46	52.00	60.00	0.00	0.00
79.92	272.54	56.00	-60.00	0.00	0.00
80.04	50.97	10.00	20.00	0.00	0.00
80.04	129.03	26.00	-20.00	0.00	0.00
80.04	230.97	46.00	-20.00	0.00	0.00
80.04	309.03	62.00	20.00	0.00	0.00
80.08	101.66	21.00	30.00	0.00	0.00
80.08	281.66	57.00	-30.00	0.00	0.00
80.08	78.34	15.00	-30.00	0.00	0.00
80.08	258.34	51.00	30.00	0.00	0.00
80.12	45.80	9.00	-10.00	0.00	0.00
80.12	134.20	27.00	10.00	0.00	0.00
80.12	225.80	45.00	10.00	0.00	0.00
80.12	314.20	63.00	-10.00	0.00	0.00
80.18	86.58	16.00	-55.00	0.00	0.00
80.18	266.58	52.00	55.00	0.00	0.00
80.18	93.42	20.00	55.00	0.00	0.00
80.18	273.42	56.00	-55.00	0.00	0.00
80.33	246.67	49.00	-30.00	0.00	0.00
80.33	66.67	13.00	30.00	0.00	0.00
80.33	113.33	23.00	-30.00	0.00	0.00
80.33	293.33	59.00	30.00	0.00	0.00
80.44	281.95	57.00	50.00	0.00	0.00
80.44	78.05	15.00	50.00	0.00	0.00
80.44	101.95	21.00	-50.00	0.00	0.00
80.44	258.05	51.00	-50.00	0.00	0.00
80.44	241.30	48.00	-25.00	0.00	0.00
80.44	61.30	12.00	25.00	0.00	0.00
80.44	298.70	60.00	25.00	0.00	0.00
80.44	118.70	24.00	-25.00	0.00	0.00
80.52	85.73	16.00	-50.00	0.00	0.00
80.52	94.27	20.00	50.00	0.00	0.00
80.52	265.73	52.00	50.00	0.00	0.00
80.52	274.27	56.00	-50.00	0.00	0.00
80.57	215.50	43.00	-15.00	0.00	0.00
80.57	35.50	7.00	15.00	0.00	0.00
80.57	144.50	29.00	-15.00	0.00	0.00
80.57	324.50	65.00	15.00	0.00	0.00
80.59	252.05	50.00	20.00	0.00	0.00
80.59	72.05	14.00	-20.00	0.00	0.00
80.59	107.95	22.00	20.00	0.00	0.00
80.59	287.95	58.00	-20.00	0.00	0.00
80.77	50.82	10.00	-10.00	0.00	0.00
80.77	129.18	26.00	10.00	0.00	0.00
80.77	230.82	46.00	10.00	0.00	0.00
80.77	309.18	62.00	-10.00	0.00	0.00
80.92	84.91	16.00	-45.00	0.00	0.00
80.92	95.09	20.00	45.00	0.00	0.00
80.92	264.91	52.00	45.00	0.00	0.00
80.92	275.09	56.00	-45.00	0.00	0.00
80.95	66.43	13.00	-15.00	0.00	0.00
80.95	246.43	49.00	15.00	0.00	0.00
80.95	293.57	59.00	-15.00	0.00	0.00
80.95	113.57	23.00	15.00	0.00	0.00
81.07	251.81	50.00	-35.00	0.00	0.00
81.07	71.81	14.00	35.00	0.00	0.00
81.07	108.19	22.00	-35.00	0.00	0.00
81.07	288.19	58.00	35.00	0.00	0.00
81.13	282.47	57.00	-25.00	0.00	0.00
81.13	77.53	15.00	-25.00	0.00	0.00
81.13	102.47	21.00	25.00	0.00	0.00
81.13	257.53	51.00	25.00	0.00	0.00
81.37	40.49	8.00	15.00	0.00	0.00
81.37	139.51	28.00	-15.00	0.00	0.00
81.37	220.49	44.00	-15.00	0.00	0.00
81.37	319.51	64.00	15.00	0.00	0.00
81.40	84.14	16.00	-40.00	0.00	0.00
81.40	95.86	20.00	40.00	0.00	0.00
81.40	264.14	52.00	40.00	0.00	0.00
81.40	275.86	56.00	-40.00	0.00	0.00
81.42	55.83	11.00	20.00	0.00	0.00
81.42	235.83	47.00	-20.00	0.00	0.00
81.42	304.17	61.00	20.00	0.00	0.00
81.42	124.17	25.00	-20.00	0.00	0.00
81.47	55.82	11.00	-10.00	0.00	0.00
81.47	124.18	25.00	10.00	0.00	0.00
81.47	235.82	47.00	10.00	0.00	0.00
81.47	304.18	61.00	-10.00	0.00	0.00
81.51	282.73	57.00	45.00	0.00	0.00
81.51	77.27	15.00	45.00	0.00	0.00
81.51	102.73	21.00	-45.00	0.00	0.00
81.51	257.27	51.00	-45.00	0.00	0.00
81.94	83.41	16.00	-35.00	0.00	0.00
81.94	96.59	20.00	35.00	0.00	0.00
81.94	263.41	52.00	35.00	0.00	0.00
81.94	276.59	56.00	-35.00	0.00	0.00
82.15	0.00	0.00	-5.00	0.00	0.00
82.15	180.00	36.00	5.00	0.00	0.00
82.16	251.33	50.00	15.00	0.00	0.00
82.16	71.33	14.00	-15.00	0.00	0.00
82.16	108.67	22.00	15.00	0.00	0.00
82.16	288.67	58.00	-15.00	0.00	0.00
82.17	5.04	1.00	-5.00	0.00	0.00
82.17	174.96	35.00	5.00	0.00	0.00
82.17	185.04	37.00	5.00	0.00	0.00
82.17	354.96	71.00	-5.00	0.00	0.00
82.21	240.81	48.00	10.00	0.00	0.00
82.21	60.81	12.00	-10.00	0.00	0.00
82.21	119.19	24.00	10.00	0.00	0.00
82.21	299.19	60.00	-10.00	0.00	0.00
82.23	10.08	2.00	-5.00	0.00	0.00
82.23	169.92	34.00	5.00	0.00	0.00
82.23	190.08	38.00	5.00	0.00	0.00
82.23	349.92	70.00	-5.00	0.00	0.00
82.24	103.18	21.00	20.00	0.00	0.00
82.24	283.18	57.00	-20.00	0.00	0.00
82.24	76.82	15.00	-20.00	0.00	0.00
82.24	256.82	51.00	20.00	0.00	0.00
82.25	45.46	9.00	15.00	0.00	0.00
82.25	134.54	27.00	-15.00	0.00	0.00
82.25	225.46	45.00	-15.00	0.00	0.00
82.25	314.54	63.00	15.00	0.00	0.00
82.33	15.12	3.00	-5.00	0.00	0.00
82.33	164.88	33.00	5.00	0.00	0.00
82.33	195.12	39.00	5.00	0.00	0.00
82.33	344.88	69.00	-5.00	0.00	0.00
82.33	245.97	49.00	-25.00	0.00	0.00
82.33	294.03	59.00	25.00	0.00	0.00
82.33	65.97	13.00	25.00	0.00	0.00
82.33	114.03	23.00	-25.00	0.00	0.00
82.46	20.16	4.00	-5.00	0.00	0.00
82.46	159.84	32.00	5.00	0.00	0.00
82.46	200.16	40.00	5.00	0.00	0.00
82.46	339.84	68.00	-5.00	0.00	0.00
82.55	82.74	16.00	-30.00	0.00	0.00
82.55	97.26	20.00	30.00	0.00	0.00
82.55	262.74	52.00	30.00	0.00	0.00
82.55	277.26	56.00	-30.00	0.00	0.00
82.63	25.19	5.00	-5.00	0.00	0.00
82.63	154.81	31.00	5.00	0.00	0.00
82.63	205.19	41.00	5.00	0.00	0.00
82.63	334.81	67.00	-5.00	0.00	0.00
82.64	283.41	57.00	40.00	0.00	0.00
82.64	76.59	15.00	40.00	0.00	0.00
82.64	103.41	21.00	-40.00	0.00	0.00
82.64	256.59	51.00	-40.00	0.00	0.00
82.66	251.14	50.00	-30.00	0.00	0.00
82.66	71.14	14.00	30.00	0.00	0.00
82.66	108.86	22.00	-30.00	0.00	0.00
82.66	288.86	58.00	30.00	0.00	0.00
82.80	82.49	16.00	60.00	0.00	0.00
82.80	97.51	20.00	-60.00	0.00	0.00
82.80	262.49	52.00	-60.00	0.00	0.00
82.80	277.51	56.00	60.00	0.00	0.00
82.83	30.22	6.00	-5.00	0.00	0.00
82.83	149.78	30.00	5.00	0.00	0.00
82.83	210.22	42.00	5.00	0.00	0.00
82.83	329.78	66.00	-5.00	0.00	0.00
82.85	0.00	0.00	10.00	0.00	0.00
82.85	180.00	36.00	-10.00	0.00	0.00
82.87	240.66	48.00	-20.00	0.00	0.00
82.87	60.66	12.00	20.00	0.00	0.00
82.87	119.34	24.00	-20.00	0.00	0.00
82.87	299.34	60.00	20.00	0.00	0.00
82.88	5.03	1.00	10.00	0.00	0.00
82.88	174.97	35.00	-10.00	0.00	0.00
82.88	185.03	37.00	-10.00	0.00	0.00
82.88	354.97	71.00	10.00	0.00	0.00
82.98	65.79	13.00	-10.00	0.00	0.00
82.98	114.21	23.00	10.00	0.00	0.00
82.98	245.79	49.00	10.00	0.00	0.00
82.98	294.21	59.00	-10.00	0.00	0.00
83.00	10.06	2.00	10.00	0.00	0.00
83.00	169.94	34.00	-10.00	0.00	0.00
83.00	190.06	38.00	-10.00	0.00	0.00
83.00	349.94	70.00	10.00	0.00	0.00
83.06	35.25	7.00	-5.00	0.00	0.00
83.06	144.75	29.00	5.00	0.00	0.00
83.06	215.25	43.00	5.00	0.00	0.00
83.06	324.75	65.00	-5.00	0.00	0.00
83.19	15.09	3.00	10.00	0.00	0.00
83.19	164.91	33.00	-10.00	0.00	0.00
83.19	195.09	39.00	-10.00	0.00	0.00
83.19	344.91	69.00	10.00	0.00	0.00
83.21	82.12	16.00	-25.00	0.00	0.00
83.21	97.88	20.00	25.00	0.00	0.00
83.21	262.12	52.00	25.00	0.00	0.00
83.21	277.88	56.00	-25.00	0.00	0.00
83.21	230.40	46.00	-15.00	0.00	0.00
83.21	50.40	10.00	15.00	0.00	0.00
83.21	129.60	26.00	-15.00	0.00	0.00
83.21	309.60	62.00	15.00	0.00	0.00
83.33	40.27	8.00	-5.00	0.00	0.00
83.33	139.73	28.00	5.00	0.00	0.00
83.33	220.27	44.00	5.00	0.00	0.00
83.33	319.73	64.00	-5.00	0.00	0.00
83.40	76.21	15.00	-15.00	0.00	0.00
83.40	103.79	21.00	15.00	0.00	0.00
83.40	256.21	51.00	15.00	0.00	0.00
83.40	283.79	57.00	-15.00	0.00	0.00
83.45	20.11	4.00	10.00	0.00	0.00
83.45	159.89	32.00	-10.00	0.00	0.00
83.45	200.11	40.00	-10.00	0.00	0.00
83.45	339.89	68.00	10.00	0.00	0.00
83.48	81.89	16.00	55.00	0.00	0.00
83.48	98.11	20.00	-55.00	0.00	0.00
83.48	261.89	52.00	-55.00	0.00	0.00
83.48	278.11	56.00	55.00	0.00	0.00
83.63	45.29	9.00	-5.00	0.00	0.00
83.63	134.71	27.00	5.00	0.00	0.00
83.63	225.29	45.00	5.00	0.00	0.00
83.63	314.71	63.00	-5.00	0.00	0.00
83.78	25.12	5.00	10.00	0.00	0.00
83.78	154.88	31.00	-10.00	0.00	0.00
83.78	205.12	41.00	-10.00	0.00	0.00
83.78	334.88	67.00	10.00	0.00	0.00
83.79	70.75	14.00	-10.00	0.00	0.00
83.79	109.25	22.00	10.00	0.00	0.00
83.79	250.75	50.00	10.00	0.00	0.00
83.79	289.25	58.00	-10.00	0.00	0.00
83.82	103.98	21.00	-35.00	0.00	0.00
83.82	283.98	57.00	35.00	0.00	0.00
83.82	76.02	15.00	35.00	0.00	0.00
83.82	256.02	51.00	-35.00	0.00	0.00
83.92	81.56	16.00	-20.00	0.00	0.00
83.92	98.44	20.00	20.00	0.00	0.00
83.92	261.56	52.00	20.00	0.00	0.00
83.92	278.44	56.00	-20.00	0.00	0.00
83.95	50.30	10.00	-5.00	0.00	0.00
83.95	129.70	26.00	5.00	0.00	0.00
83.95	230.30	46.00	5.00	0.00	0.00
83.95	309.70	62.00	-5.00	0.00	0.00
84.19	30.13	6.00	10.00	0.00	0.00
84.19	149.87	30.00	-10.00	0.00	0.00
84.19	210.13	42.00	-10.00	0.00	0.00
84.19	329.87	66.00	10.00	0.00	0.00
84.21	81.36	16.00	50.00	0.00	0.00
84.21	98.64	20.00	-50.00	0.00	0.00
84.21	261.36	52.00	-50.00	0.00	0.00
84.21	278.64	56.00	50.00	0.00	0.00
84.24	55.31	11.00	15.00	0.00	0.00
84.24	124.69	25.00	-15.00	0.00	0.00
84.24	235.31	47.00	-15.00	0.00	0.00
84.24	304.69	61.00	15.00	0.00	0.00
84.25	89.97	17.00	-60.00	0.00	0.00
84.25	90.03	19.00	60.00	0.00	0.00
84.25	269.97	53.00	60.00	0.00	0.00
84.25	270.03	55.00	-60.00	0.00	0.00
84.27	90.53	19.00	55.00	0.00	0.00
84.27	269.47	53.00	55.00	0.00	0.00
84.27	89.47	17.00	-55.00	0.00	0.00
84.27	270.53	55.00	-55.00	0.00	0.00
84.30	55.31	11.00	-5.00	0.00	0.00
84.30	124.69	25.00	5.00	0.00	0.00
84.30	235.31	47.00	5.00	0.00	0.00
84.30	304.69	61.00	-5.00	0.00	0.00
84.30	250.60	50.00	-25.00	0.00	0.00
84.30	70.60	14.00	25.00	0.00	0.00
84.30	109.40	22.00	-25.00	0.00	0.00
84.30	289.40	58.00	25.00	0.00	0.00
84.34	88.97	17.00	-50.00	0.00	0.00
84.34	91.03	19.00	50.00	0.00	0.00
84.34	268.97	53.00	50.00	0.00	0.00
84.34	271.03	55.00	-50.00	0.00	0.00
84.39	65.44	13.00	20.00	0.00	0.00
84.39	114.56	23.00	-20.00	0.00	0.00
84.39	245.44	49.00	-20.00	0.00	0.00
84.39	294.56	59.00	20.00	0.00	0.00
84.45	88.48	17.00	-45.00	0.00	0.00
84.45	91.52	19.00	45.00	0.00	0.00
84.45	268.48	53.00	45.00	0.00	0.00
84.45	271.52	55.00	-45.00	0.00	0.00
84.61	88.00	17.00	-40.00	0.00	0.00
84.61	92.00	19.00	40.00	0.00	0.00
84.61	268.00	53.00	40.00	0.00	0.00
84.61	272.00	55.00	-40.00	0.00	0.00
84.62	75.70	15.00	-10.00	0.00	0.00
84.62	104.30	21.00	10.00	0.00	0.00
84.62	255.70	51.00	10.00	0.00	0.00
84.62	284.30	57.00	-10.00	0.00	0.00
84.65	35.13	7.00	10.00	0.00	0.00
84.65	144.87	29.00	-10.00	0.00	0.00
84.65	215.13	43.00	-10.00	0.00	0.00
84.65	324.87	65.00	10.00	0.00	0.00
84.66	240.31	48.00	5.00	0.00	0.00
84.66	60.31	12.00	-5.00	0.00	0.00
84.66	119.69	24.00	5.00	0.00	0.00
84.66	299.69	60.00	-5.00	0.00	0.00
84.67	81.06	16.00	-15.00	0.00	0.00
84.67	98.94	20.00	15.00	0.00	0.00
84.67	261.06	52.00	15.00	0.00	0.00
84.67	278.94	56.00	-15.00	0.00	0.00
84.80	87.54	17.00	-35.00	0.00	0.00
84.80	92.46	19.00	35.00	0.00	0.00
84.80	267.54	53.00	35.00	0.00	0.00
84.80	272.46	55.00	-35.00	0.00	0.00
84.98	80.89	16.00	45.00	0.00	0.00
84.98	99.11	20.00	-45.00	0.00	0.00
84.98	260.89	52.00	-45.00	0.00	0.00
84.98	279.11	56.00	45.00	0.00	0.00
85.04	87.09	17.00	-30.00	0.00	0.00
85.04	92.91	19.00	30.00	0.00	0.00
85.04	267.09	53.00	30.00	0.00	0.00
85.04	272.91	55.00	-30.00	0.00	0.00
85.05	65.31	13.00	-5.00	0.00	0.00
85.05	114.69	23.00	5.00	0.00	0.00
85.05	245.31	49.00	5.00	0.00	0.00
85.05	294.69	59.00	-5.00	0.00	0.00
85.05	284.46	57.00	30.00	0.00	0.00
85.05	75.54	15.00	30.00	0.00	0.00
85.05	104.46	21.00	-30.00	0.00	0.00
85.05	255.54	51.00	-30.00	0.00	0.00
85.18	40.11	8.00	10.00	0.00	0.00
85.18	139.89	28.00	-10.00	0.00	0.00
85.18	220.11	44.00	-10.00	0.00	0.00
85.18	319.89	64.00	10.00	0.00	0.00
85.31	93.33	19.00	25.00	0.00	0.00
85.31	266.67	53.00	25.00	0.00	0.00
85.31	86.67	17.00	-25.00	0.00	0.00
85.31	273.33	55.00	-25.00	0.00	0.00
85.34	240.21	48.00	-15.00	0.00	0.00
85.34	60.21	12.00	15.00	0.00	0.00
85.34	119.79	24.00	-15.00	0.00	0.00
85.34	299.79	60.00	15.00	0.00	0.00
85.46	70.30	14.00	-5.00	0.00	0.00
85.46	109.70	22.00	5.00	0.00	0.00
85.46	250.30	50.00	5.00	0.00	0.00
85.46	289.70	58.00	-5.00	0.00	0.00
85.47	80.64	16.00	-10.00	0.00	0.00
85.47	99.36	20.00	10.00	0.00	0.00
85.47	260.64	52.00	10.00	0.00	0.00
85.47	279.36	56.00	-10.00	0.00	0.00
85.62	86.27	17.00	-20.00	0.00	0.00
85.62	93.73	19.00	20.00	0.00	0.00
85.62	266.27	53.00	20.00	0.00	0.00
85.62	273.73	55.00	-20.00	0.00	0.00
85.77	45.09	9.00	10.00	0.00	0.00
85.77	134.91	27.00	-10.00	0.00	0.00
85.77	225.09	45.00	-10.00	0.00	0.00
85.77	314.91	63.00	10.00	0.00	0.00
85.79	80.49	16.00	40.00	0.00	0.00
85.79	99.51	20.00	-40.00	0.00	0.00
85.79	260.49	52.00	-40.00	0.00	0.00
85.79	279.51	56.00	40.00	0.00	0.00
85.87	75.29	15.00	-5.00	0.00	0.00
85.87	104.71	21.00	5.00	0.00	0.00
85.87	255.29	51.00	5.00	0.00	0.00
85.87	284.71	57.00	-5.00	0.00	0.00
85.96	85.91	17.00	-15.00	0.00	0.00
85.96	94.09	19.00	15.00	0.00	0.00
85.96	265.91	53.00	15.00	0.00	0.00
85.96	274.09	55.00	-15.00	0.00	0.00
85.98	70.20	14.00	20.00	0.00	0.00
85.98	109.80	22.00	-20.00	0.00	0.00
85.98	250.20	50.00	-20.00	0.00	0.00
85.98	289.80	58.00	20.00	0.00	0.00
86.30	80.28	16.00	-5.00	0.00	0.00
86.30	99.72	20.00	5.00	0.00	0.00
86.30	260.28	52.00	5.00	0.00	0.00
86.30	279.72	56.00	-5.00	0.00	0.00
86.32	284.82	57.00	25.00	0.00	0.00
86.32	75.18	15.00	25.00	0.00	0.00
86.32	104.82	21.00	-25.00	0.00	0.00
86.32	255.18	51.00	-25.00	0.00	0.00
86.33	85.57	17.00	-10.00	0.00	0.00
86.33	94.43	19.00	10.00	0.00	0.00
86.33	265.57	53.00	10.00	0.00	0.00
86.33	274.43	55.00	-10.00	0.00	0.00
86.41	50.05	10.00	10.00	0.00	0.00
86.41	129.95	26.00	-10.00	0.00	0.00
86.41	230.05	46.00	-10.00	0.00	0.00
86.41	309.95	62.00	10.00	0.00	0.00
86.49	245.08	49.00	-15.00	0.00	0.00
86.49	294.92	59.00	15.00	0.00	0.00
86.49	65.08	13.00	15.00	0.00	0.00
86.49	114.92	23.00	-15.00	0.00	0.00
86.63	80.16	16.00	35.00	0.00	0.00
86.63	99.84	20.00	-35.00	0.00	0.00
86.63	260.16	52.00	-35.00	0.00	0.00
86.63	279.84	56.00	35.00	0.00	0.00
86.73	85.27	17.00	-5.00	0.00	0.00
86.73	94.73	19.00	5.00	0.00	0.00
86.73	265.27	53.00	5.00	0.00	0.00
86.73	274.73	55.00	-5.00	0.00	0.00
87.10	55.00	11.00	10.00	0.00	0.00
87.10	235.00	47.00	-10.00	0.00	0.00
87.10	125.00	25.00	-10.00	0.00	0.00
87.10	305.00	61.00	10.00	0.00	0.00
87.10	85.03	17.00	60.00	0.00	0.00
87.10	94.97	19.00	-60.00	0.00	0.00
87.10	265.03	53.00	-60.00	0.00	0.00
87.10	274.97	55.00	60.00	0.00	0.00
87.15	0.00	0.00	0.00	0.00	0.00
87.15	5.00	1.00	0.00	0.00	0.00
87.15	10.00	2.00	0.00	0.00	0.00
87.15	15.00	3.00	0.00	0.00	0.00
87.15	20.00	4.00	0.00	0.00	0.00
87.15	25.00	5.00	0.00	0.00	0.00
87.15	30.00	6.00	0.00	0.00	0.00
87.15	35.00	7.00	0.00	0.00	0.00
87.15	40.00	8.00	0.00	0.00	0.00
87.15	45.00	9.00	0.00	0.00	0.00
87.15	50.00	10.00	0.00	0.00	0.00
87.15	55.00	11.00	0.00	0.00	0.00
87.15	60.00	12.00	0.00	0.00	0.00
87.15	65.00	13.00	0.00	0.00	0.00
87.15	70.00	14.00	0.00	0.00	0.00
87.15	75.00	15.00	0.00	0.00	0.00
87.15	80.00	16.00	0.00	0.00	0.00
87.15	85.00	17.00	0.00	0.00	0.00
87.15	90.00	18.00	0.00	0.00	0.00
87.15	95.00	19.00	0.00	0.00	0.00
87.15	100.00	20.00	0.00	0.00	0.00
87.15	105.00	21.00	0.00	0.00	0.00
87.15	110.00	22.00	0.00	0.00	0.00
87.15	115.00	23.00	0.00	0.00	0.00
87.15	120.00	24.00	0.00	0.00	0.00
87.15	125.00	25.00	0.00	0.00	0.00
87.15	130.00	26.00	0.00	0.00	0.00
87.15	135.00	27.00	0.00	0.00	0.00
87.15	140.00	28.00	0.00	0.00	0.00
87.15	145.00	29.00	0.00	0.00	0.00
87.15	150.00	30.00	0.00	0.00	0.00
87.15	155.00	31.00	0.00	0.00	0.00
87.15	160.00	32.00	0.00	0.00	0.00
87.15	165.00	33.00	0.00	0.00	0.00
87.15	170.00	34.00	0.00	0.00	0.00
87.15	175.00	35.00	0.00	0.00	0.00
87.15	180.00	36.00	0.00	0.00	0.00
87.15	185.00	37.00	0.00	0.00	0.00
87.15	190.00	38.00	0.00	0.00	0.00
87.15	195.00	39.00	0.00	0.00	0.00
87.15	200.00	40.00	0.00	0.00	0.00
87.15	205.00	41.00	0.00	0.00	0.00
87.15	210.00	42.00	0.00	0.00	0.00
87.15	215.00	43.00	0.00	0.00	0.00
87.15	220.00	44.00	0.00	0.00	0.00
87.15	225.00	45.00	0.00	0.00	0.00
87.15	230.00	46.00	0.00	0.00	0.00
87.15	235.00	47.00	0.00	0.00	0.00
87.15	240.00	48.00	0.00	0.00	0.00
87.15	245.00	49.00	0.00	0.00	0.00
87.15	250.00	50.00	0.00	0.00	0.00
87.15	255.00	51.00	0.00	0.00	0.00
87.15	260.00	52.00	0.00	0.00	0.00
87.15	265.00	53.00	0.00	0.00	0.00
87.15	270.00	54.00	0.00	0.00	0.00
87.15	275.00	55.00	0.00	0.00	0.00
87.15	280.00	56.00	0.00	0.00	0.00
87.15	285.00	57.00	0.00	0.00	0.00
87.15	290.00	58.00	0.00	0.00	0.00
87.15	295.00	59.00	0.00	0.00	0.00
87.15	300.00	60.00	0.00	0.00	0.00
87.15	305.00	61.00	0.00	0.00	0.00
87.15	310.00	62.00	0.00	0.00	0.00
87.15	315.00	63.00	0.00	0.00	0.00
87.15	320.00	64.00	0.00	0.00	0.00
87.15	325.00	65.00	0.00	0.00	0.00
87.15	330.00	66.00	0.00	0.00	0.00
87.15	335.00	67.00	0.00	0.00	0.00
87.15	340.00	68.00	0.00	0.00	0.00
87.15	345.00	69.00	0.00	0.00	0.00
87.15	350.00	70.00	0.00	0.00	0.00
87.15	355.00	71.00	0.00	0.00	0.00
87.16	89.75	18.00	5.00	0.00	0.00
87.16	90.25	18.00	-5.00	0.00	0.00
87.16	269.75	54.00	-5.00	0.00	0.00
87.16	270.25	54.00	5.00	0.00	0.00
87.20	89.51	18.00	10.00	0.00	0.00
87.20	90.49	18.00	-10.00	0.00	0.00
87.20	269.51	54.00	-10.00	0.00	0.00
87.20	270.49	54.00	10.00	0.00	0.00
87.25	90.74	18.00	-15.00	0.00	0.00
87.25	270.74	54.00	15.00	0.00	0.00
87.25	89.26	18.00	15.00	0.00	0.00
87.25	269.26	54.00	-15.00	0.00	0.00
87.33	89.03	18.00	20.00	0.00	0.00
87.33	90.97	18.00	-20.00	0.00	0.00
87.33	269.03	54.00	-20.00	0.00	0.00
87.33	270.97	54.00	20.00	0.00	0.00
87.42	91.20	18.00	-25.00	0.00	0.00
87.42	271.20	54.00	25.00	0.00	0.00
87.42	88.80	18.00	25.00	0.00	0.00
87.42	268.80	54.00	-25.00	0.00	0.00
87.49	79.91	16.00	30.00	0.00	0.00
87.49	100.09	20.00	-30.00	0.00	0.00
87.49	259.91	52.00	-30.00	0.00	0.00
87.49	280.09	56.00	30.00	0.00	0.00
87.54	271.42	54.00	30.00	0.00	0.00
87.54	88.58	18.00	30.00	0.00	0.00
87.54	91.42	18.00	-30.00	0.00	0.00
87.54	268.58	54.00	-30.00	0.00	0.00
87.55	95.20	19.00	-55.00	0.00	0.00
87.55	264.80	53.00	-55.00	0.00	0.00
87.55	84.80	17.00	55.00	0.00	0.00
87.55	275.20	55.00	55.00	0.00	0.00
87.60	84.77	17.00	5.00	0.00	0.00
87.60	95.23	19.00	-5.00	0.00	0.00
87.60	264.77	53.00	-5.00	0.00	0.00
87.60	275.23	55.00	5.00	0.00	0.00
87.61	105.08	21.00	-20.00	0.00	0.00
87.61	285.08	57.00	20.00	0.00	0.00
87.61	74.92	15.00	20.00	0.00	0.00
87.61	254.92	51.00	-20.00	0.00	0.00
87.67	91.63	18.00	-35.00	0.00	0.00
87.67	271.63	54.00	35.00	0.00	0.00
87.67	88.37	18.00	35.00	0.00	0.00
87.67	268.37	54.00	-35.00	0.00	0.00
87.68	249.93	50.00	-15.00	0.00	0.00
87.68	69.93	14.00	15.00	0.00	0.00
87.68	110.07	22.00	-15.00	0.00	0.00
87.68	290.07	58.00	15.00	0.00	0.00
87.82	88.17	18.00	40.00	0.00	0.00
87.82	91.83	18.00	-40.00	0.00	0.00
87.82	268.17	54.00	-40.00	0.00	0.00
87.82	271.83	54.00	40.00	0.00	0.00
87.83	59.95	12.00	10.00	0.00	0.00
87.83	120.05	24.00	-10.00	0.00	0.00
87.83	239.95	48.00	-10.00	0.00	0.00
87.83	300.05	60.00	10.00	0.00	0.00
87.85	0.00	0.00	5.00	0.00	0.00
87.85	180.00	36.00	-5.00	0.00	0.00
87.87	5.00	1.00	5.00	0.00	0.00
87.87	175.00	35.00	-5.00	0.00	0.00
87.87	185.00	37.00	-5.00	0.00	0.00
87.87	355.00	71.00	5.00	0.00	0.00
87.92	9.99	2.00	5.00	0.00	0.00
87.92	170.01	34.00	-5.00	0.00	0.00
87.92	189.99	38.00	-5.00	0.00	0.00
87.92	350.01	70.00	5.00	0.00	0.00
87.99	92.01	18.00	-45.00	0.00	0.00
87.99	272.01	54.00	45.00	0.00	0.00
87.99	87.99	18.00	45.00	0.00	0.00
87.99	267.99	54.00	-45.00	0.00	0.00
88.01	264.60	53.00	-50.00	0.00	0.00
88.01	84.60	17.00	50.00	0.00	0.00
88.01	95.40	19.00	-50.00	0.00	0.00
88.01	275.40	55.00	50.00	0.00	0.00
88.02	14.99	3.00	5.00	0.00	0.00
88.02	165.01	33.00	-5.00	0.00	0.00
88.02	194.99	39.00	-5.00	0.00	0.00
88.02	345.01	69.00	5.00	0.00	0.00
88.03	79.79	16.00	5.00	0.00	0.00
88.03	100.21	20.00	-5.00	0.00	0.00
88.03	259.79	52.00	-5.00	0.00	0.00
88.03	280.21	56.00	5.00	0.00	0.00
88.06	84.58	17.00	10.00	0.00	0.00
88.06	95.42	19.00	-10.00	0.00	0.00
88.06	264.58	53.00	-10.00	0.00	0.00
88.06	275.42	55.00	10.00	0.00	0.00
88.15	19.99	4.00	5.00	0.00	0.00
88.15	160.01	32.00	-5.00	0.00	0.00
88.15	199.99	40.00	-5.00	0.00	0.00
88.15	340.01	68.00	5.00	0.00	0.00
88.17	272.18	54.00	50.00	0.00	0.00
88.17	87.82	18.00	50.00	0.00	0.00
88.17	92.18	18.00	-50.00	0.00	0.00
88.17	267.82	54.00	-50.00	0.00	0.00
88.31	24.98	5.00	5.00	0.00	0.00
88.31	155.02	31.00	-5.00	0.00	0.00
88.31	204.98	41.00	-5.00	0.00	0.00
88.31	335.02	67.00	5.00	0.00	0.00
88.37	92.33	18.00	-55.00	0.00	0.00
88.37	272.33	54.00	55.00	0.00	0.00
88.37	87.67	18.00	55.00	0.00	0.00
88.37	267.67	54.00	-55.00	0.00	0.00
88.38	79.73	16.00	25.00	0.00	0.00
88.38	100.27	20.00	-25.00	0.00	0.00
88.38	259.73	52.00	-25.00	0.00	0.00
88.38	280.27	56.00	25.00	0.00	0.00
88.46	74.81	15.00	5.00	0.00	0.00
88.46	254.81	51.00	-5.00	0.00	0.00
88.46	105.19	21.00	-5.00	0.00	0.00
88.46	285.19	57.00	5.00	0.00	0.00
88.48	84.45	17.00	45.00	0.00	0.00
88.48	95.55	19.00	-45.00	0.00	0.00
88.48	264.45	53.00	-45.00	0.00	0.00
88.48	275.55	55.00	45.00	0.00	0.00
88.51	29.97	6.00	5.00	0.00	0.00
88.51	150.03	30.00	-5.00	0.00	0.00
88.51	209.97	42.00	-5.00	0.00	0.00
88.51	330.03	66.00	5.00	0.00	0.00
88.54	84.44	17.00	15.00	0.00	0.00
88.54	95.56	19.00	-15.00	0.00	0.00
88.54	264.44	53.00	-15.00	0.00	0.00
88.54	275.56	55.00	15.00	0.00	0.00
88.58	87.53	18.00	60.00	0.00	0.00
88.58	92.47	18.00	-60.00	0.00	0.00
88.58	272.47	54.00	60.00	0.00	0.00
88.58	267.53	54.00	-60.00	0.00	0.00
88.60	64.89	13.00	10.00	0.00	0.00
88.60	115.11	23.00	-10.00	0.00	0.00
88.60	244.89	49.00	-10.00	0.00	0.00
88.60	295.11	59.00	10.00	0.00	0.00
88.75	34.96	7.00	5.00	0.00	0.00
88.75	145.04	29.00	-5.00	0.00	0.00
88.75	214.96	43.00	-5.00	0.00	0.00
88.75	325.04	65.00	5.00	0.00	0.00
88.87	69.84	14.00	5.00	0.00	0.00
88.87	110.16	22.00	-5.00	0.00	0.00
88.87	290.16	58.00	5.00	0.00	0.00
88.87	249.84	50.00	-5.00	0.00	0.00
88.91	74.78	15.00	15.00	0.00	0.00
88.91	105.22	21.00	-15.00	0.00	0.00
88.91	254.78	51.00	-15.00	0.00	0.00
88.91	285.22	57.00	15.00	0.00	0.00
88.92	280.34	56.00	10.00	0.00	0.00
88.92	79.66	16.00	10.00	0.00	0.00
88.92	100.34	20.00	-10.00	0.00	0.00
88.92	259.66	52.00	-10.00	0.00	0.00
88.97	84.34	17.00	40.00	0.00	0.00
88.97	95.66	19.00	-40.00	0.00	0.00
88.97	264.34	53.00	-40.00	0.00	0.00
88.97	275.66	55.00	40.00	0.00	0.00
89.01	39.95	8.00	5.00	0.00	0.00
89.01	140.05	28.00	-5.00	0.00	0.00
89.01	219.95	44.00	-5.00	0.00	0.00
89.01	320.05	64.00	5.00	0.00	0.00
89.03	275.67	55.00	20.00	0.00	0.00
89.03	84.33	17.00	20.00	0.00	0.00
89.03	95.67	19.00	-20.00	0.00	0.00
89.03	264.33	53.00	-20.00	0.00	0.00
89.27	64.86	13.00	5.00	0.00	0.00
89.27	115.14	23.00	-5.00	0.00	0.00
89.27	244.86	49.00	-5.00	0.00	0.00
89.27	295.14	59.00	5.00	0.00	0.00
89.27	79.63	16.00	20.00	0.00	0.00
89.27	100.37	20.00	-20.00	0.00	0.00
89.27	259.63	52.00	-20.00	0.00	0.00
89.27	280.37	56.00	20.00	0.00	0.00
89.31	44.93	9.00	5.00	0.00	0.00
89.31	135.07	27.00	-5.00	0.00	0.00
89.31	224.93	45.00	-5.00	0.00	0.00
89.31	315.07	63.00	5.00	0.00	0.00
89.40	69.82	14.00	10.00	0.00	0.00
89.40	110.18	22.00	-10.00	0.00	0.00
89.40	249.82	50.00	-10.00	0.00	0.00
89.40	290.18	58.00	10.00	0.00	0.00
89.47	84.27	17.00	35.00	0.00	0.00
89.47	95.73	19.00	-35.00	0.00	0.00
89.47	264.27	53.00	-35.00	0.00	0.00
89.47	275.73	55.00	35.00	0.00	0.00
89.53	84.27	17.00	25.00	0.00	0.00
89.53	275.73	55.00	25.00	0.00	0.00
89.53	95.73	19.00	-25.00	0.00	0.00
89.53	264.27	53.00	-25.00	0.00	0.00
89.63	49.92	10.00	5.00	0.00	0.00
89.63	130.08	26.00	-5.00	0.00	0.00
89.63	229.92	46.00	-5.00	0.00	0.00
89.63	310.08	62.00	5.00	0.00	0.00
89.66	59.88	12.00	5.00	0.00	0.00
89.66	120.12	24.00	-5.00	0.00	0.00
89.66	239.88	48.00	-5.00	0.00	0.00
89.66	300.12	60.00	5.00	0.00	0.00
89.77	74.74	15.00	10.00	0.00	0.00
89.77	105.26	21.00	-10.00	0.00	0.00
89.77	254.74	51.00	-10.00	0.00	0.00
89.77	285.26	57.00	10.00	0.00	0.00
89.82	280.39	56.00	15.00	0.00	0.00
89.82	79.61	16.00	15.00	0.00	0.00
89.82	100.39	20.00	-15.00	0.00	0.00
89.82	259.61	52.00	-15.00	0.00	0.00
89.97	84.25	17.00	30.00	0.00	0.00
89.97	95.75	19.00	-30.00	0.00	0.00
89.97	264.25	53.00	-30.00	0.00	0.00
89.97	275.75	55.00	30.00	0.00	0.00
89.97	54.90	11.00	5.00	0.00	0.00
89.97	234.90	47.00	-5.00	0.00	0.00
89.97	125.10	25.00	-5.00	0.00	0.00
89.97	305.10	61.00	5.00	0.00	0.00
