0.0	0.0
0.05	0.0
0.1	0.0
0.15	0.0
0.2	0.0
0.25	0.0
0.3	0.0
0.35	0.0
0.4	0.0
0.45	0.0
0.5	0.0
0.55	0.0
0.6	0.0
0.65	0.0
0.7	0.0
0.75	0.0
0.8	0.0
0.85	0.0
0.9	0.0
0.95	0.0
1.0	0.0
1.05	0.0
1.1	0.0
1.15	0.0
1.2	0.0
1.25	0.0
1.3	0.0
1.35	0.0
1.4	0.0
1.45	0.0
1.5	0.0
1.55	0.0
1.6	0.0
1.65	0.0
1.7	0.0
1.75	0.0
1.8	0.0
1.85	0.0
1.9	0.0
1.95	0.0
2.0	0.0
2.05	0.0
2.1	0.0
2.15	0.0
2.2	0.0
2.25	0.0
2.3	0.0
2.35	0.0
2.4	0.0
2.45	0.0
2.5	0.0
2.55	0.0
2.6	0.0
2.65	0.0
2.7	0.0
2.75	0.0
2.8	0.0
2.85	0.0
2.9	0.0
2.95	0.0
3.0	0.0
3.05	0.0
3.1	0.0
3.15	0.0
3.2	0.0
3.25	0.0
3.3	0.0
3.35	0.0
3.4	0.0
3.45	0.0
3.5	0.0
3.55	0.0
3.6	0.0
3.65	0.0
3.7	0.0
3.75	0.0
3.8	0.0
3.85	0.0
3.9	0.0
3.95	0.0
4.0	0.0
4.05	0.0
4.1	0.0
4.15	0.0
4.2	0.0
4.25	0.0
4.3	0.0
4.35	0.0
4.4	0.0
4.45	0.0
4.5	0.0
4.55	0.0
4.6	0.0
4.65	0.0
4.7	0.0
4.75	0.0
4.8	0.0
4.85	0.0
4.9	0.0
4.95	0.0
5.0	0.0
5.05	0.0
5.1	0.0
5.15	0.0
5.2	0.0
5.25	0.0
5.3	0.0
5.35	0.0
5.4	0.0
5.45	0.0
5.5	0.0
5.55	0.0
5.6	0.0
5.65	0.0
5.7	0.0
5.75	0.0
5.8	0.0
5.85	0.0
5.9	0.0
5.95	0.0
6.0	0.0
6.05	0.0
6.1	0.0
6.15	0.0
6.2	0.0
6.25	0.0
6.3	0.0
6.35	0.0
6.4	0.0
6.45	0.0
6.5	0.0
6.55	0.0
6.6	0.0
6.65	0.0
6.7	0.0
6.75	0.0
6.8	0.0
6.85	0.0
6.9	0.0
6.95	0.0
7.0	0.0
7.05	0.0
7.1	0.0
7.15	0.0
7.2	0.0
7.25	0.0
7.3	0.0
7.35	0.0
7.4	0.0
7.45	0.0
7.5	0.0
7.55	0.0
7.6	0.0
7.65	0.0
7.7	0.0
7.75	0.0
7.8	0.0
7.85	0.0
7.9	0.0
7.95	0.0
8.0	0.0
8.05	0.0
8.1	0.0
8.15	0.0
8.2	0.0
8.25	0.0
8.3	0.0
8.35	0.0
8.4	0.0
8.45	0.0
8.5	0.0
8.55	0.0
8.6	0.0
8.65	0.0
8.7	0.0
8.75	0.0
8.8	0.0
8.85	0.0
8.9	0.0
8.95	0.0
9.0	0.0
9.05	0.0
9.1	0.0
9.15	0.0
9.2	0.0
9.25	0.0
9.3	0.0
9.35	0.0
9.4	0.0
9.45	0.0
9.5	0.0
9.55	0.0
9.6	0.0
9.65	0.0
9.7	0.0
9.75	0.0
9.8	0.0
9.85	0.0
9.9	0.0
9.95	0.0
10.0	0.0
10.05	0.0
10.1	0.0
10.15	0.0
10.2	0.0
10.25	0.0
10.3	0.0
10.35	0.0
10.4	0.0
10.45	0.0
10.5	0.0
10.55	0.0
10.6	0.0
10.65	0.0
10.7	0.0
10.75	0.0
10.8	0.0
10.85	0.0
10.9	0.0
10.95	0.0
11.0	0.0
11.05	0.0
11.1	0.0
11.15	0.0
11.2	0.0
11.25	0.0
11.3	0.0
11.35	0.0
11.4	0.0
11.45	0.0
11.5	0.0
11.55	0.0
11.6	0.0
11.65	0.0
11.7	0.0
11.75	0.0
11.8	0.0
11.85	0.0
11.9	0.0
11.95	0.0
12.0	0.0
12.05	0.0
12.1	0.0
12.15	0.0
12.2	0.0
12.25	0.0
12.3	0.0
12.35	0.0
12.4	0.0
12.45	0.0
12.5	0.0
12.55	0.0
12.6	0.0
12.65	0.0
12.7	0.0
12.75	0.0
12.8	0.0
12.85	0.0
12.9	0.0
12.95	0.0
13.0	0.0
13.05	0.0
13.1	0.0
13.15	0.0
13.2	0.0
13.25	0.0
13.3	0.0
13.35	0.0
13.4	0.0
13.45	0.0
13.5	0.0
13.55	0.0
13.6	0.0
13.65	0.0
13.7	0.0
13.75	0.0
13.8	0.0
13.85	0.0
13.9	0.0
13.95	0.0
14.0	0.0
14.05	0.0
14.1	0.0
14.15	0.0
14.2	0.0
14.25	0.0
14.3	0.0
14.35	0.0
14.4	0.0
14.45	0.0
14.5	0.0
14.55	0.0
14.6	0.0
14.65	0.0
14.7	0.0
14.75	0.0
14.8	0.0
14.85	0.0
14.9	0.0
14.95	0.0
15.0	0.0
15.05	0.0
15.1	0.0
15.15	0.0
15.2	0.0
15.25	0.0
15.3	0.0
15.35	0.0
15.4	0.0
15.45	0.0
15.5	0.0
15.55	0.0
15.6	0.0
15.65	0.0
15.7	0.0
15.75	0.0
15.8	0.0
15.85	0.0
15.9	0.0
15.95	0.0
16.0	0.0
16.05	0.0
16.1	0.0
16.15	0.0
16.2	0.0
16.25	0.0
16.3	0.0
16.35	0.0
16.4	0.0
16.45	0.0
16.5	0.0
16.55	0.0
16.6	0.0
16.65	0.0
16.7	0.0
16.75	0.0
16.8	0.0
16.85	0.0
16.9	0.0
16.95	0.0
17.0	0.0
17.05	0.0
17.1	0.0
17.15	0.0
17.2	0.0
17.25	0.0
17.3	0.0
17.35	0.0
17.4	0.0
17.45	0.0
17.5	0.0
17.55	0.0
17.6	0.0
17.65	0.0
17.7	0.0
17.75	0.0
17.8	0.0
17.85	0.0
17.9	0.0
17.95	0.0
18.0	0.0
18.05	0.0
18.1	0.0
18.15	0.0
18.2	0.0
18.25	0.0
18.3	0.0
18.35	0.0
18.4	0.0
18.45	0.0
18.5	0.0
18.55	0.0
18.6	0.0
18.65	0.0
18.7	0.0
18.75	0.0
18.8	0.0
18.85	0.0
18.9	0.0
18.95	0.0
19.0	0.0
19.05	0.0
19.1	0.0
19.15	0.0
19.2	0.0
19.25	0.0
19.3	0.0
19.35	0.0
19.4	0.0
19.45	0.0
19.5	0.0
19.55	0.0
19.6	0.0
19.65	0.0
19.7	0.0
19.75	0.0
19.8	0.0
19.85	0.0
19.9	0.0
19.95	0.0
20.0	0.0
20.05	0.0
20.1	0.0
20.15	0.0
20.2	0.0
20.25	0.0
20.3	0.0
20.35	0.0
20.4	0.0
20.45	0.0
20.5	0.0
20.55	0.0
20.6	0.0
20.65	0.0
20.7	0.0
20.75	0.0
20.8	0.0
20.85	0.0
20.9	0.0
20.95	0.0
21.0	0.0
21.05	0.0
21.1	0.0
21.15	0.0
21.2	0.0
21.25	0.0
21.3	0.0
21.35	0.0
21.4	0.0
21.45	0.0
21.5	0.0
21.55	0.0
21.6	0.0
21.65	0.0
21.7	0.0
21.75	0.0
21.8	0.0
21.85	0.0
21.9	0.0
21.95	0.0
22.0	0.0
22.05	0.0
22.1	0.0
22.15	0.0
22.2	0.0
22.25	0.0
22.3	0.0
22.35	0.0
22.4	0.0
22.45	0.0
22.5	0.0
22.55	0.0
22.6	0.0
22.65	0.0
22.7	0.0
22.75	0.0
22.8	0.0
22.85	0.0
22.9	0.0
22.95	0.0
23.0	0.0
23.05	0.0
23.1	0.0
23.15	0.0
23.2	0.0
23.25	0.0
23.3	0.0
23.35	0.0
23.4	0.0
23.45	0.0
23.5	0.0
23.55	0.0
23.6	0.0
23.65	0.0
23.7	0.0
23.75	0.0
23.8	0.0
23.85	0.0
23.9	0.0
23.95	0.0
24.0	0.0
24.05	0.0
24.1	0.0
24.15	0.0
24.2	0.0
24.25	0.0
24.3	0.0
24.35	0.0
24.4	0.0
24.45	0.0
24.5	0.0
24.55	0.0
24.6	0.0
24.65	0.0
24.7	0.0
24.75	0.0
24.8	0.0
24.85	0.0
24.9	0.0
24.95	0.0
25.0	0.0
25.05	0.0
25.1	0.0
25.15	0.0
25.2	0.0
25.25	0.0
25.3	0.0
25.35	0.0
25.4	0.0
25.45	0.0
25.5	0.0
25.55	0.0
25.6	0.0
25.65	0.0
25.7	0.0
25.75	0.0
25.8	0.0
25.85	0.0
25.9	0.0
25.95	0.0
26.0	0.0
26.05	0.0
26.1	0.0
26.15	0.0
26.2	0.0
26.25	0.0
26.3	0.0
26.35	0.0
26.4	0.0
26.45	0.0
26.5	0.0
26.55	0.0
26.6	0.0
26.65	0.0
26.7	0.0
26.75	0.0
26.8	0.0
26.85	0.0
26.9	0.0
26.95	0.0
27.0	0.0
27.05	0.0
27.1	0.0
27.15	0.0
27.2	0.0
27.25	0.0
27.3	0.0
27.35	0.0
27.4	0.0
27.45	0.0
27.5	0.0
27.55	0.0
27.6	0.0
27.65	0.0
27.7	0.0
27.75	0.0
27.8	0.0
27.85	0.0
27.9	0.0
27.95	0.0
28.0	0.0
28.05	0.0
28.1	0.0
28.15	0.0
28.2	0.0
28.25	0.0
28.3	0.0
28.35	0.0
28.4	0.0
28.45	0.0
28.5	0.0
28.55	0.0
28.6	0.0
28.65	0.0
28.7	0.0
28.75	0.0
28.8	0.0
28.85	0.0
28.9	0.0
28.95	0.0
29.0	0.0
29.05	0.0
29.1	0.0
29.15	0.0
29.2	0.0
29.25	0.0
29.3	0.0
29.35	0.0
29.4	0.0
29.45	0.0
29.5	0.0
29.55	0.0
29.6	0.0
29.65	0.0
29.7	0.0
29.75	0.0
29.8	0.0
29.85	0.0
29.9	0.0
29.95	0.0
30.0	0.0
30.05	0.0
30.1	0.0
30.15	0.0
30.2	0.0
30.25	0.0
30.3	0.0
30.35	0.0
30.4	0.0
30.45	0.0
30.5	0.0
30.55	0.0
30.6	0.0
30.65	0.0
30.7	0.0
30.75	0.0
30.8	0.0
30.85	0.0
30.9	0.0
30.95	0.0
31.0	0.0
31.05	0.0
31.1	0.0
31.15	0.0
31.2	0.0
31.25	0.0
31.3	0.0
31.35	0.0
31.4	0.0
31.45	0.0
31.5	0.0
31.55	0.0
31.6	0.0
31.65	0.0
31.7	0.0
31.75	0.0
31.8	0.0
31.85	0.0
31.9	0.0
31.95	0.0
32.0	0.0
32.05	0.0
32.1	0.0
32.15	0.0
32.2	0.0
32.25	0.0
32.3	0.0
32.35	0.0
32.4	0.0
32.45	0.0
32.5	0.0
32.55	0.0
32.6	0.0
32.65	0.0
32.7	0.0
32.75	0.0
32.8	0.0
32.85	0.0
32.9	0.0
32.95	0.0
33.0	0.0
33.05	0.0
33.1	0.0
33.15	0.0
33.2	0.0
33.25	0.0
33.3	0.0
33.35	0.0
33.4	0.0
33.45	0.0
33.5	0.0
33.55	0.0
33.6	0.0
33.65	0.0
33.7	0.0
33.75	0.0
33.8	0.0
33.85	0.0
33.9	0.0
33.95	0.0
34.0	0.0
34.05	0.0
34.1	0.0
34.15	0.0
34.2	0.0
34.25	0.0
34.3	0.0
34.35	0.0
34.4	0.0
34.45	0.0
34.5	0.0
34.55	0.0
34.6	0.0
34.65	0.0
34.7	0.0
34.75	0.0
34.8	0.0
34.85	0.0
34.9	0.0
34.95	0.0
35.0	0.0
35.05	0.0
35.1	0.0
35.15	0.0
35.2	0.0
35.25	0.0
35.3	0.0
35.35	0.0
35.4	0.0
35.45	0.0
35.5	0.0
35.55	0.0
35.6	0.0
35.65	0.0
35.7	0.0
35.75	0.0
35.8	0.0
35.85	0.0
35.9	0.0
35.95	0.0
36.0	0.0
36.05	0.0
36.1	0.0
36.15	0.0
36.2	0.0
36.25	0.0
36.3	0.0
36.35	0.0
36.4	0.0
36.45	0.0
36.5	0.0
36.55	0.0
36.6	0.0
36.65	0.0
36.7	0.0
36.75	0.0
36.8	0.0
36.85	0.0
36.9	0.0
36.95	0.0
37.0	0.0
37.05	0.0
37.1	0.0
37.15	0.0
37.2	0.0
37.25	0.0
37.3	0.0
37.35	0.0
37.4	0.0
37.45	0.0
37.5	0.0
37.55	0.0
37.6	0.0
37.65	0.0
37.7	0.0
37.75	0.0
37.8	0.0
37.85	0.0
37.9	0.0
37.95	0.0
38.0	0.0
38.05	0.0
38.1	0.0
38.15	0.0
38.2	0.0
38.25	0.0
38.3	0.0
38.35	0.0
38.4	0.0
38.45	0.0
38.5	0.0
38.55	0.0
38.6	0.0
38.65	0.0
38.7	0.0
38.75	0.0
38.8	0.0
38.85	0.0
38.9	0.0
38.95	0.0
39.0	0.0
39.05	0.0
39.1	0.0
39.15	0.0
39.2	0.0
39.25	0.0
39.3	0.0
39.35	0.0
39.4	0.0
39.45	0.0
39.5	0.0
39.55	0.0
39.6	0.0
39.65	0.0
39.7	0.0
39.75	0.0
39.8	0.0
39.85	0.0
39.9	0.0
39.95	8.48354355e-06
40.0	3.520325025e-05
40.05	0.0001190839275
40.1	0.00038258861625
40.15	0.00121203545625
40.2	0.003820265325
40.25	0.012102282
40.3	0.038375182125
40.35	0.03989468025
40.4	0.04150624275
40.45	0.04321744875
40.5	0.04503668625
40.55	0.04697324775
40.6	0.049037439375
40.65	0.05124072375
40.7	0.05359588875
40.75	0.056117210625
40.8	0.058820695875
40.85	0.0617243175
40.9	0.06484833
40.95	0.0682156125
41.0	0.071852081625
41.05	0.075787216875
41.1	0.080054625375
41.15	0.0846927945
41.2	0.08974594125
41.25	0.095265064125
41.3	0.1013092605
41.35	0.10794729375
41.4	0.11525954625
41.45	0.1233405
41.5	0.13230176625
41.55	0.14227597125
41.6	0.15342165
41.65	0.16592965875
41.7	0.180130983013
41.75	0.196438240554
41.8	0.215725482701
41.85	0.24016176297
41.9	0.2760384198
41.95	0.343124630325
42.0	0.50580643845
42.05	0.551677677
42.1	0.60542887575
42.15	0.669140385375
42.2	0.74564991375
42.25	0.8389134345
42.3	0.954585332175
42.35	1.1009928156
42.4	1.29088624808
42.45	1.5448928895
42.5	1.898817996
42.55	2.4194246904
42.6	3.23857781708
42.65	4.63114643325
42.7	7.20020261475
42.75	12.1333059547
42.8	20.9590844721
42.85	33.3820197488
42.9	42.6252575925
42.95	36.5921524493
43.0	21.9917514397
43.05	11.801812065
43.1	6.75111154725
43.15	4.476379206
43.2	3.3472853865
43.25	2.69462489625
43.3	2.28430025325
43.35	2.01939885
43.4	1.849941471
43.45	1.747414476
43.5	1.694950575
43.55	1.68255084
43.6	1.704571779
43.65	1.7583783315
43.7	1.84365041925
43.75	1.96209968325
43.8	2.11748479875
43.85	2.3159035335
43.9	2.566400655
43.95	2.88200748525
44.0	3.28144396125
44.05	3.79190692875
44.1	4.45377746625
44.15	5.32905227625
44.2	6.517747155
44.25	8.19217712625
44.3	10.6716883538
44.35	14.5907463
44.4	21.2980024238
44.45	33.7865224054
44.5	57.934466532
44.55	101.170495084
44.6	161.856552101
44.65	207.038795479
44.7	178.707606659
44.75	108.060264177
44.8	57.427305645
44.85	31.6611272437
44.9	19.8148374919
44.95	13.8486634868
45.0	10.3135040062
45.05	7.98425784
45.1	6.36026183325
45.15	5.183949087
45.2	4.30559298563
45.25	3.63289125188
45.3	3.10651843875
45.35	2.686999584
45.4	2.34721145475
45.45	2.06785013925
45.5	1.83420852338
45.55	1.63251829425
45.6	1.44164167125
45.65	1.3017047775
45.7	1.18116675825
45.75	1.07660597325
45.8	0.985322205
45.85	0.90516167925
45.9	0.8343899445
45.95	0.7715973465
46.0	0.71562914775
46.05	0.6655319445
46.1	0.6205130025
46.15	0.57990889425
46.2	0.5431610925
46.25	0.50979665175
46.3	0.479412825
46.35	0.4516650195
46.4	0.42625709775
46.45	0.402933348
46.5	0.3814719096
46.55	0.361679844
46.6	0.34338844425
46.65	0.326449796625
46.7	0.31073381925
46.75	0.296125575
46.8	0.282528713255
46.85	0.269862318182
46.9	0.258086656825
46.95	0.247283822452
47.0	0.237973128755
47.05	0.23231740154
47.1	0.238693155375
47.15	0.23067994325
47.2	0.22276907915
47.25	0.2136874426
47.3	0.19866795375
47.35	0.1595184018
47.4	0.02635770655
47.45	0.027416317325
47.5	0.0285399907
47.55	0.029734164825
47.6	0.0310048665
47.65	0.032358769125
47.7	0.033803297925
47.75	0.035346726025
47.8	0.0369982873
47.85	0.03876831515
47.9	0.040668417875
47.95	0.04271164795
48.0	0.0449127445
48.05	0.047288394075
48.1	0.049857546325
48.15	0.05264178305
48.2	0.0556657879
48.25	0.05895788775
48.3	0.062550719125
48.35	0.0664820273
48.4	0.07079566975
48.45	0.07554284835
48.5	0.0807836115
48.55	0.08658878325
48.6	0.093042324
48.65	0.100244421675
48.7	0.10831536675
48.75	0.117385289
48.8	0.127659618125
48.85	0.139342338125
48.9	0.15270274875
48.95	0.16807761575
49.0	0.1858924675
49.05	0.206691241
49.1	0.231177983
49.15	0.26027685875
49.2	0.29521987
49.25	0.3376784625
49.3	0.38996507
49.35	0.45535162575
49.4	0.538589069
49.45	0.64679600825
49.5	0.7910972575
49.55	0.989965645
49.6	1.27676843
49.65	1.7183118975
49.7	2.4616655225
49.75	3.8382635025
49.8	6.5083283575
49.85	11.34975821
49.9	18.4233686875
49.95	24.6565904
50.0	23.351911725
50.05	15.4436628
50.1	8.6216729
50.15	4.7459639375
50.2	2.87071978
50.25	1.952180255
50.3	1.43487921
50.35	1.102825954
50.4	0.8735798715
50.45	0.708458636
50.5	0.5857389275
50.55	0.4921504095
50.6	0.41920534375
50.65	0.3612799115
50.7	0.31453401025
50.75	0.27627590825
50.8	0.2445750775
50.85	0.2180185445
50.9	0.19555338825
50.95	0.1763822625
51.0	0.15989259
51.05	0.14560761
51.1	0.133151737875
51.15	0.12222602635
51.2	0.1125900729
51.25	0.10404884375
51.3	0.09644278425
51.35	0.089640349425
51.4	0.08353231115
51.45	0.078027346325
51.5	0.07304868645
51.55	0.068531369575
51.6	0.064420158675
51.65	0.06066782145
51.7	0.05723380815
51.75	0.05408313375
51.8	0.051185470575
51.85	0.048514459
51.9	0.046047080675
51.95	0.04376315375
52.0	0.041644944
52.05	0.0396768034
52.1	0.0378449002
52.15	0.03613693985
52.2	0.0345419942
52.25	0.0330503185
52.3	0.031653182125
52.35	0.03034276945
52.4	0.029112050225
52.45	0.0279546896
52.5	0.0268649795
52.55	0.025837744075
52.6	0.024868301575
52.65	0.0239431344
52.7	0.0230365097
52.75	0.0220384948
52.8	0.020474172675
52.85	0.016243895875
52.9	0.0
52.95	0.0
53.0	0.0
53.05	0.0
53.1	0.0
53.15	0.0
53.2	0.0
53.25	0.0
53.3	0.0
53.35	0.0
53.4	0.0
53.45	0.0
53.5	0.0
53.55	0.0
53.6	0.0
53.65	0.0
53.7	0.0
53.75	0.0
53.8	0.0
53.85	0.0
53.9	0.0
53.95	0.0
54.0	0.0
54.05	0.0
54.1	0.0
54.15	0.0
54.2	0.0
54.25	0.0
54.3	0.0
54.35	0.0
54.4	0.0
54.45	0.0
54.5	0.0
54.55	0.0
54.6	0.0
54.65	0.0
54.7	0.0
54.75	0.0
54.8	0.0
54.85	0.0
54.9	0.0
54.95	0.0
55.0	0.0
55.05	0.0
55.1	0.0
55.15	0.0
55.2	0.0
55.25	0.0
55.3	0.0
55.35	0.0
55.4	0.0
55.45	0.0
55.5	0.0
55.55	0.0
55.6	0.0
55.65	0.0
55.7	0.0
55.75	0.0
55.8	0.0
55.85	0.0
55.9	0.0
55.95	0.0
56.0	0.0
56.05	0.0
56.1	0.0
56.15	0.0
56.2	0.0
56.25	0.0
56.3	0.0
56.35	0.0
56.4	0.0
56.45	0.0
56.5	0.0
56.55	0.0
56.6	0.0
56.65	0.0
56.7	0.0
56.75	0.0
56.8	0.0
56.85	0.0
56.9	0.0
56.95	0.0
57.0	0.0
57.05	0.0
57.1	0.0
57.15	0.0
57.2	0.0
57.25	0.0
57.3	0.0
57.35	0.0
57.4	0.0
57.45	0.0
57.5	0.0
57.55	0.0
57.6	0.0
57.65	0.0
57.7	0.0
57.75	0.0
57.8	0.0
57.85	0.0
57.9	0.0
57.95	0.0
58.0	0.0
58.05	0.0
58.1	0.0
58.15	0.0
58.2	0.0
58.25	0.0
58.3	0.0
58.35	0.0
58.4	0.0
58.45	0.0
58.5	0.0
58.55	0.0
58.6	0.0
58.65	0.0
58.7	0.0
58.75	0.0
58.8	0.0
58.85	0.0
58.9	0.0
58.95	0.0
59.0	0.0
59.05	0.0
59.1	0.0
59.15	0.0
59.2	0.0
59.25	0.0
59.3	0.0
59.35	0.0
59.4	0.0
59.45	0.0
59.5	0.0
59.55	0.0
59.6	0.0
59.65	0.0
59.7	0.0
59.75	0.0
59.8	0.0
59.85	0.0
59.9	0.0
59.95	0.0
60.0	0.0
60.05	0.0
60.1	0.0
60.15	0.0
60.2	0.0
60.25	0.0
60.3	0.0
60.35	0.0
60.4	0.0
60.45	0.0
60.5	0.0
60.55	0.0
60.6	0.0
60.65	0.0
60.7	0.0
60.75	0.0
60.8	0.0
60.85	0.0
60.9	0.0
60.95	0.0
61.0	0.0
61.05	0.0
61.1	0.0
61.15	0.0
61.2	0.0
61.25	0.0
61.3	0.0
61.35	8.5987283685e-06
61.4	5.67214525875e-05
61.45	0.0003259358151
61.5	0.00182631203775
61.55	0.010311614775
61.6	0.05814067803
61.65	0.059883262635
61.7	0.06170535204
61.75	0.06361185171
61.8	0.06560806275
61.85	0.0676997031
61.9	0.069892949925
61.95	0.072194482005
62.0	0.074611545675
62.05	0.077152001925
62.1	0.079824408825
62.15	0.082638045075
62.2	0.0856030254
62.25	0.088730406525
62.3	0.0920322696
62.35	0.095521826175
62.4	0.099213571275
62.45	0.103123417635
62.5	0.1072688841
62.55	0.111669260475
62.6	0.1163459019
62.65	0.1213223937
62.7	0.12662488815
62.75	0.1322825166
62.8	0.138327667365
62.85	0.1447965156
62.9	0.151729576725
62.95	0.159172342275
63.0	0.16717591575
63.05	0.175798077075
63.1	0.18510420105
63.15	0.195168446625
63.2	0.206075393625
63.25	0.217921703025
63.3	0.23081828355
63.35	0.2448928233
63.4	0.260293122075
63.45	0.277190788725
63.5	0.295786057125
63.55	0.3163137561
63.6	0.339050680575
63.65	0.3643249527
63.7	0.39252774975
63.75	0.424128435
63.8	0.4596941631
63.85	0.49991509035
63.9	0.54563783925
63.95	0.5979100551
64.0	0.65803986975
64.05	0.727678044
64.1	0.80893013625
64.15	0.904515406125
64.2	1.0179927885
64.25	1.15409067593
64.3	1.31919528675
64.35	1.52209384425
64.4	1.7751323535
64.45	2.09608659
64.5	2.511346566
64.55	3.06194274
64.6	3.8169748155
64.65	4.908641895
64.7	6.624881115
64.75	9.61125897
64.8	15.1408519575
64.85	25.0784691825
64.9	40.785927075
64.95	60.2058140325
65.0	73.4178468075
65.05	67.2393441675
65.1	47.67362619
65.15	29.5182423525
65.2	17.5309114313
65.25	10.8054311925
65.3	7.2609202215
65.35	5.30190487575
65.4	4.08943477425
65.45	3.26108542575
65.5	2.66100151725
65.55	2.21101023675
65.6	1.865113371
65.65	1.59377250825
65.7	1.37717020575
65.75	1.2016149645
65.8	1.05741612435
65.85	0.93756706575
65.9	0.836904321675
65.95	0.75155809725
66.0	0.6785833119
66.05	0.615707685
66.1	0.561156029325
66.15	0.51352548315
66.2	0.47169592605
66.25	0.43476453345
66.3	0.401997028125
66.35	0.3727915074
66.4	0.346650819
66.45	0.3231614367
66.5	0.301977140175
66.55	0.28280636865
66.6	0.265402223925
66.65	0.249554369175
66.7	0.235082917725
66.75	0.221833169625
66.8	0.209671525725
66.85	0.19848215535
66.9	0.188164229175
66.95	0.178629634875
67.0	0.169801116675
67.05	0.161610709275
67.1	0.153998407275
67.15	0.1469111172
67.2	0.140301656625
67.25	0.134128083
67.3	0.128352904725
67.35	0.1229425866
67.4	0.117867061162
67.45	0.11309927535
67.5	0.108614849025
67.55	0.104391792375
67.6	0.1004101821
67.65	0.0966519789
67.7	0.0931007860875
67.75	0.089741667075
67.8	0.086561032335
67.85	0.083546462775
67.9	0.080686597875
67.95	0.0779710414875
68.0	0.075390249975
68.05	0.0729354415425
68.1	0.07059856209
68.15	0.0683721792375
68.2	0.066249435225
68.25	0.06422399628
68.3	0.0622677837375
68.35	0.0602700843375
68.4	0.057486951225
68.45	0.0488765649
68.5	0.0
68.55	0.0
68.6	0.0
68.65	0.0
68.7	0.0
68.75	0.0
68.8	0.0
68.85	0.0
68.9	0.0
68.95	0.0
69.0	0.0
69.05	0.0
69.1	0.0
69.15	0.0
69.2	0.0
69.25	0.0
69.3	0.0
69.35	1.0476411285e-05
69.4	8.37616495e-05
69.45	0.000596648124
69.5	0.004195007463
69.55	0.02951113306
69.6	0.03029934585
69.65	0.0311195545
69.7	0.03197350955
69.75	0.03286309016
69.8	0.0337903052
69.85	0.0347573096
69.9	0.03576640435
69.95	0.03682007465
70.0	0.0379209801
70.05	0.03907198413
70.1	0.0402761758
70.15	0.0415368807
70.2	0.0428576882
70.25	0.0442424787
70.3	0.0456954487
70.35	0.04722114895
70.4	0.048824514425
70.45	0.05051089975
70.5	0.05228613152
70.55	0.0541565628
70.6	0.05612911945
70.65	0.058211370975
70.7	0.0604115932
70.75	0.0627388631
70.8	0.065203146
70.85	0.067815410025
70.9	0.0705877242
70.95	0.07353343285
71.0	0.0766672755
71.05	0.08000563485
71.1	0.0835666485
71.15	0.08737056865
71.2	0.0914399692
71.25	0.0958001
71.3	0.10047932285
71.35	0.105509493
71.4	0.1109265532
71.45	0.1167711768
71.5	0.1230895035
71.55	0.1299340495
71.6	0.1373648193
71.65	0.1454506246
71.7	0.1542705885
71.75	0.1639162165
71.8	0.174493631
71.85	0.1861265688
71.9	0.1989599236
71.95	0.2131642913
72.0	0.2289416053
72.05	0.24653223785
72.1	0.2662241615
72.15	0.2883646993
72.2	0.313375654
72.25	0.3417733695
72.3	0.37419516335
72.35	0.4114348335
72.4	0.4544908145
72.45	0.5046325585
72.5	0.5634928855
72.55	0.6331998025
72.6	0.7165658365
72.65	0.8173672925
72.7	0.940764612
72.75	1.09395234
72.8	1.287207596
72.85	1.535735444
72.9	1.863454735
72.95	2.312239563
73.0	2.96586275
73.05	4.005006947
73.1	5.800092195
73.15	8.98595019
73.2	14.351051725
73.25	22.320014475
73.3	31.81975415
73.35	38.62393745
73.4	37.0110045
73.45	28.31495834
73.5	18.8940709
73.55	11.84741165
73.6	7.42103283
73.65	4.899718405
73.7	3.491096145
73.75	2.654136157
73.8	2.105569241
73.85	1.7159593685
73.9	1.4253821
73.95	1.2021517895
74.0	1.026984702
74.05	0.8871230415
74.1	0.7737607525
74.15	0.6806548055
74.2	0.6032849705
74.25	0.5383166323
74.3	0.4832489385
74.35	0.436177779
74.4	0.395633485
74.45	0.3604678832
74.5	0.329773505
74.55	0.3028258383
74.6	0.2790409265
74.65	0.25794400375
74.7	0.2391458583
74.75	0.2223251091
74.8	0.20721445
74.85	0.19359025115
74.9	0.1812641115
74.95	0.1700765477
75.0	0.159891773
75.05	0.1505936588
75.1	0.1420823393
75.15	0.1342716173
75.2	0.12708677875
75.25	0.12046279425
75.3	0.1143428312
75.35	0.10867710385
75.4	0.10342178875
75.45	0.09853822905
75.5	0.0939922042
75.55	0.0897533577
75.6	0.0857946303
75.65	0.08209191665
75.7	0.0786236075
75.75	0.07537035535
75.8	0.0723147638
75.85	0.0694411423
75.9	0.0667353263
75.95	0.06418452465
76.0	0.06177711795
76.05	0.05950257135
76.1	0.0573512765
76.15	0.05531450795
76.2	0.053384276
76.25	0.05155328855
76.3	0.049814850275
76.35	0.04816284137
76.4	0.04659161945
76.45	0.04509600865
76.5	0.04367124567
76.55	0.042312908925
76.6	0.0410169507
76.65	0.0397796045
76.7	0.0385973905
76.75	0.03746707685
76.8	0.0363856824
76.85	0.03535041675
76.9	0.0343586966
76.95	0.03340811741
77.0	0.03249643269
77.05	0.03161724305
77.1	0.03073981485
77.15	0.02960594126
77.2	0.02596355802
77.25	0.0
77.3	0.0
77.35	0.0
77.4	0.0
77.45	0.0
77.5	0.0
77.55	0.0
77.6	0.0
77.65	0.0
77.7	0.0
77.75	0.0
77.8	0.0
77.85	1.01198029125e-05
77.9	0.000100641026587
77.95	0.000911471928
78.0	0.008194769325
78.05	0.0738116688
78.1	0.0755683386375
78.15	0.0773884498125
78.2	0.07927509438
78.25	0.0812315583
78.3	0.08326132248
78.35	0.08536808988
78.4	0.087555811575
78.45	0.0898286857125
78.5	0.092191183575
78.55	0.094648064175
78.6	0.09720445557
78.65	0.099865780845
78.7	0.10263785715
78.75	0.105526911338
78.8	0.108539626875
78.85	0.111683155313
78.9	0.114965175705
78.95	0.1183939311
79.0	0.121978306725
79.05	0.125727861262
79.1	0.1296528894
79.15	0.13376448855
79.2	0.138074694375
79.25	0.142596496425
79.3	0.147343958025
79.35	0.152332320525
79.4	0.15757814925
79.45	0.163099489875
79.5	0.1689159414
79.55	0.1750488855
79.6	0.1815217263
79.65	0.188359994625
79.7	0.195591692025
79.75	0.203247603525
79.8	0.211361464425
79.85	0.2199705441
79.9	0.2291159379
79.95	0.238843057125
80.0	0.2492022441
80.05	0.260249439375
80.1	0.272046807225
80.15	0.284663767725
80.2	0.29817791415
80.25	0.312676222275
80.3	0.328256509875
80.35	0.34502894835
80.4	0.363118106025
80.45	0.3826652625
80.5	0.4038310983
80.55	0.4267989579
80.6	0.4517789259
80.65	0.479012487
80.7	0.508778364
80.75	0.5413996902
80.8	0.57725253705
80.85	0.6167769855
80.9	0.6604902615
80.95	0.7090036245
81.0	0.76304363445
81.05	0.823479142125
81.1	0.89135578545
81.15	0.967940869125
81.2	1.05478200525
81.25	1.153783956
81.3	1.26731231025
81.35	1.3983325635
81.4	1.550601156
81.45	1.72892839125
81.5	1.939435308
81.55	2.19053019
81.6	2.4930509715
81.65	2.8618353465
81.7	3.3174382875
81.75	3.88922556
81.8	4.62150205875
81.85	5.58773901375
81.9	6.9253435545
81.95	8.912834985
82.0	12.1052858625
82.05	17.4853677375
82.1	26.46339129
82.15	40.461395325
82.2	59.8478817
82.25	81.933400575
82.3	98.2419526125
82.35	97.4335042875
82.4	79.8798945
82.45	57.49402095
82.5	38.5000743975
82.55	25.081513755
82.6	16.6048972575
82.65	11.5728727725
82.7	8.5905325575
82.75	6.720013797
82.8	5.44688736
82.85	4.51839516
82.9	3.81035657775
82.95	3.25541151825
83.0	2.812109973
83.05	2.452582581
83.1	2.15717019
83.15	1.91162213775
83.2	1.70540708925
83.25	1.53061278225
83.3	1.381206999
83.35	1.2525297645
83.4	1.1409372285
83.45	1.0435485465
83.5	0.9580622538
83.55	0.882623034
83.6	0.81572216025
83.65	0.7561225395
83.7	0.7028026677
83.75	0.65491303245
83.8	0.6117427113
83.85	0.572693048625
83.9	0.53725706625
83.95	0.505003440225
84.0	0.47556295875
84.05	0.44861850375
84.1	0.4238962209
84.15	0.401166746277
84.2	0.380294507672
84.25	0.361879031248
84.3	0.354280825125
84.35	0.337908743437
84.4	0.322722900427
84.45	0.30861509889
84.5	0.295489299105
84.55	0.28326019755
84.6	0.271851670823
84.65	0.261195719925
84.7	0.251231429625
84.75	0.241904117325
84.8	0.2331646485
84.85	0.224968716675
84.9	0.2172763581
84.95	0.210051447862
85.0	0.203261250525
85.05	0.196876147605
85.1	0.190869216038
85.15	0.185216056725
85.2	0.179894413425
85.25	0.174884114925
85.3	0.170166794925
85.35	0.16572567288
85.4	0.16154559
85.45	0.1576126617
85.5	0.153914344875
85.55	0.150439221862
85.6	0.147176981355
85.65	0.144118280625
85.7	0.141254758275
85.75	0.138578886405
85.8	0.136084011382
85.85	0.13376424957
85.9	0.131614450545
85.95	0.1296302319
86.0	0.127807872413
86.05	0.126144412125
86.1	0.124637500425
86.15	0.123285516375
86.2	0.122087526075
86.25	0.121043280375
86.3	0.120153270675
86.35	0.1194187233
86.4	0.118841650725
86.45	0.118424925825
86.5	0.118172277037
86.55	0.118048589625
86.6	0.117674413613
86.65	0.112488090713
86.7	0.048633606
86.75	0.0508708977
86.8	0.05326593135
86.85	0.05583384735
86.9	0.058591685625
86.95	0.06155858325
87.0	0.064756179
87.05	0.06820898535
87.1	0.0719448186
87.15	0.07599541035
87.2	0.080397018975
87.25	0.0851913201
87.3	0.09042628545
87.35	0.096157454625
87.4	0.10244936265
87.45	0.10937732325
87.5	0.117029712
87.55	0.12551073075
87.6	0.13494389745
87.65	0.145476552
87.7	0.15728548275
87.75	0.17058429675
87.8	0.18563295225
87.85	0.202750195125
87.9	0.222330205875
87.95	0.2448649545
88.0	0.27097440225
88.05	0.301448061
88.1	0.33730339725
88.15	0.37986824175
88.2	0.43090036425
88.25	0.492766824
88.3	0.56873143275
88.35	0.66347913525
88.4	0.78423340425
88.45	0.9433773525
88.5	1.16441766
88.55	1.4936936925
88.6	2.01797479875
88.65	2.8798066125
88.7	4.269799725
88.75	6.3694391025
88.8	9.22633098
88.85	12.537155625
88.9	15.3308465625
88.95	16.0738689
89.0	14.197410225
89.05	10.9581260625
89.1	7.7721362475
89.15	5.258848215
89.2	3.5154532425
89.25	2.40585327
89.3	1.73057934
89.35	1.31688
89.4	1.0493954925
89.45	0.86321914125
89.5	0.725172429
89.55	0.61839919875
89.6	0.5336174925
89.65	0.46508958225
89.7	0.40892888175
89.75	0.36235987575
89.8	0.3233417025
89.85	0.29034476775
89.9	0.26220506025
89.95	0.23802506025
90.0	0.217104047625
90.05	0.19888904205
90.1	0.18293905845
90.15	0.1688992158
90.2	0.15648140475
90.25	0.1454497773
90.3	0.1356099495
90.35	0.126800517525
90.4	0.11888666625
90.45	0.111755042625
90.5	0.105309905475
90.55	0.09946990305
90.6	0.094165603875
90.65	0.089337474
90.7	0.08493430065
90.75	0.08091179955
90.8	0.07723158495
90.85	0.073860281475
90.9	0.070768752225
90.95	0.0679315524
91.0	0.06532635735
91.05	0.0629336022
91.1	0.0607360773
91.15	0.05871864225
91.2	0.056868012
91.25	0.0551724825
91.3	0.0536218005
91.35	0.0522069822
91.4	0.0509202156
91.45	0.049754732625
91.5	0.04870472775
91.55	0.047765281275
91.6	0.046932312825
91.65	0.0462025395
91.7	0.045573415425
91.75	0.04504315035
91.8	0.044610665475
91.85	0.04427563995
91.9	0.044038469025
91.95	0.04390034775
92.0	0.043863261675
92.05	0.0439300845
92.1	0.02134095075
92.15	0.02147987925
92.2	0.02167618275
92.25	0.02193339825
92.3	0.022255774875
92.35	0.02264838525
92.4	0.02311725375
92.45	0.023669517375
92.5	0.024313618125
92.55	0.025059558375
92.6	0.025919193375
92.65	0.026906614875
92.7	0.02803862925
92.75	0.029335357125
92.8	0.03082100175
92.85	0.032524835625
92.9	0.034482483
92.95	0.036737580375
93.0	0.039343989375
93.05	0.0423687375
93.1	0.04589597925
93.15	0.0500324445
93.2	0.05491494
93.25	0.06072096375
93.3	0.067684008375
93.35	0.076116907125
93.4	0.086450715
93.45	0.0993099375
93.5	0.11567793918
93.55	0.137276927884
93.6	0.1674418078
93.65	0.21378148365
93.7	0.284324886143
93.75	0.3976386366
93.8	0.575756722208
93.85	0.839290309575
93.9	1.19483022224
93.95	1.61432196323
94.0	2.00369866437
94.05	2.1942716127
94.1	2.06492430203
94.15	1.69832679046
94.2	1.27263801946
94.25	0.900321557295
94.3	0.619053177915
94.35	0.426492264457
94.4	0.30327609375
94.45	0.22680085113
94.5	0.178653560565
94.55	0.14670499959
94.6	0.124039620217
94.65	0.107020303425
94.7	0.093742077225
94.75	0.0831337853175
94.8	0.0745259313
94.85	0.0674610429225
94.9	0.061609033965
94.95	0.0567243950175
95.0	0.052621076925
95.05	0.0491560883625
95.1	0.04621820196
95.15	0.0437199678675
95.2	0.04159196805
95.25	0.039778610775
95.3	0.03823503906
95.35	0.036924803505
95.4	0.0358181174325
95.45	0.03489051039
95.5	0.0341218023
95.55	0.0334953114
95.6	0.03299721696
95.65	0.032616069795
95.7	0.032342414145
95.75	0.0321684628125
95.8	0.0320878643175
95.85	0.0320954920575
95.9	0.0321872920575
95.95	0.0323601647325
96.0	0.0326118554325
96.05	0.0329408853825
96.1	0.03334648572
96.15	0.03382855794
96.2	0.034387647525
96.25	0.0350249279625
96.3	0.035742184035
96.35	0.0365418397125
96.4	0.03742694355
96.45	0.038401228635
96.5	0.0394691293125
96.55	0.040635836325
96.6	0.041907359325
96.65	0.04329061821
96.7	0.04479350025
96.75	0.046425012375
96.8	0.048195391425
96.85	0.050116265625
96.9	0.0522008376
96.95	0.0544641174
97.0	0.056923178625
97.05	0.0595974702375
97.1	0.06250918845
97.15	0.065683762275
97.2	0.069150317925
97.25	0.07294240995
97.3	0.0770987500125
97.35	0.081664232025
97.4	0.0866910516375
97.45	0.0922402096125
97.5	0.0983832609375
97.55	0.105204651938
97.6	0.112804467788
97.65	0.121302043763
97.7	0.130840518337
97.75	0.141592775813
97.8	0.1537689585
97.85	0.167626509075
97.9	0.183483399825
97.95	0.201735728738
98.0	0.222881688075
98.05	0.2475543378
98.1	0.276567472875
98.15	0.310981856775
98.2	0.35220743985
98.25	0.40217921175
98.3	0.463704576563
98.35	0.541216770788
98.4	0.642408812775
98.45	0.78147952905
98.5	0.9845933739
98.55	1.29690556759
98.6	1.78759921455
98.65	2.54590521551
98.7	3.66027569302
98.75	5.1767162115
98.8	7.03367384689
98.85	8.96139193494
98.9	10.3811038346
98.95	10.5974303617
99.0	9.47359019104
99.05	7.6123384575
99.1	5.6876291475
99.15	4.0553860275
99.2	2.8242784425
99.25	1.97065287675
99.3	1.412567607
99.35	1.05749011875
99.4	0.829055892
99.45	0.67528019475
99.5	0.56523446625
99.55	0.481977495
99.6	0.41641674675
99.65	0.3634369371
99.7	0.319884201675
99.75	0.2836272051
99.8	0.253130722875
99.85	0.2272473315
99.9	0.205100619
99.95	0.186011186325
100.0	0.16944589455
100.05	0.1549820859
100.1	0.142281289125
100.15	0.13107009975
100.2	0.121125790575
100.25	0.11226547185
100.3	0.104337998175
100.35	0.0972174813
100.4	0.0907985082
100.45	0.0849922416
100.5	0.079723430775
100.55	0.07492797885
100.6	0.07055104275
100.65	0.0665454591
100.7	0.062870496075
100.75	0.05949087555
100.8	0.056375846925
100.85	0.053498582925
100.9	0.05083553565
100.95	0.0483660192
101.0	0.046071764475
101.05	0.04393660515
101.1	0.04194619704
101.15	0.040087775625
101.2	0.0383499414
101.25	0.0367224969
101.3	0.035196315525
101.35	0.033763173
101.4	0.03241567185
101.45	0.03114713805
101.5	0.02995152165
101.55	0.028823349075
101.6	0.027757651575
101.65	0.026749901625
101.7	0.0257959831125
101.75	0.024892129725
101.8	0.02403490746
101.85	0.0232211617575
101.9	0.02244800637
101.95	0.0217127907675
102.0	0.02101307271
102.05	0.0203466079125
102.1	0.019711321425
102.15	0.01910530485
102.2	0.01852678335
102.25	0.0179741232
102.3	0.017445808335
102.35	0.016940428425
102.4	0.0164566749
102.45	0.01599333459
102.5	0.015549273825
102.55	0.0151234428075
102.6	0.0147148525575
102.65	0.0143225876325
102.7	0.01394579142
102.75	0.013583660175
102.8	0.0132354442125
102.85	0.01290043956
102.9	0.012577985175
102.95	0.012267466125
103.0	0.0119682976875
103.05	0.011679934095
103.1	0.01140186297
103.15	0.0111335985675
103.2	0.0108746877375
103.25	0.010624698
103.3	0.01038322629
103.35	0.0101498902125
103.4	0.00992432844
103.45	0.009706198725
103.5	0.0094951782975
103.55	0.00929096307
103.6	0.00909326247
103.65	0.0089018030175
103.7	0.00871632435
103.75	0.0085365800175
103.8	0.0083623366875
103.85	0.0081933721575
103.9	0.008029475355
103.95	0.007870445145
104.0	0.007716091125
104.05	0.00756623283
104.1	0.0074206965525
104.15	0.0072787135275
104.2	0.007128021675
104.25	0.0066993715875
104.3	0.0
104.35	0.0
104.4	0.0
104.45	0.0
104.5	0.0
104.55	0.0
104.6	0.0
104.65	0.0
104.7	0.0
104.75	0.0
104.8	0.0
104.85	0.0
104.9	0.0
104.95	0.0
105.0	0.0
105.05	0.0
105.1	0.0
105.15	0.0
105.2	0.0
105.25	0.0
105.3	0.0
105.35	0.0
105.4	0.0
105.45	0.0
105.5	0.0
105.55	0.0
105.6	0.0
105.65	0.0
105.7	0.0
105.75	0.0
105.8	0.0
105.85	0.0
105.9	0.0
105.95	0.0
106.0	0.0
106.05	0.0
106.1	0.0
106.15	0.0
106.2	0.0
106.25	0.0
106.3	0.0
106.35	0.0
106.4	0.0
106.45	0.0
106.5	0.0
106.55	0.0
106.6	0.0
106.65	0.0
106.7	0.0
106.75	0.0
106.8	0.0
106.85	0.0
106.9	0.0
106.95	0.0
107.0	0.0
107.05	0.0
107.1	0.0
107.15	0.0
107.2	0.0
107.25	0.0
107.3	0.0
107.35	0.0
107.4	0.0
107.45	0.0
107.5	0.0
107.55	0.0
107.6	0.0
107.65	0.0
107.7	0.0
107.75	0.0
107.8	0.0
107.85	0.0
107.9	0.0
107.95	0.0
108.0	0.0
108.05	0.0
108.1	0.0
108.15	0.0
108.2	0.0
108.25	0.0
108.3	0.0
108.35	0.0
108.4	0.0
108.45	4.47161415e-08
108.5	1.23083299e-06
108.55	3.2826407325e-05
108.6	0.0008782132485
108.65	0.000891414655
108.7	0.0009049156935
108.75	0.0009187257275
108.8	0.0009328541815
108.85	0.00094731101375
108.9	0.00096210628925
108.95	0.000977250805
109.0	0.0009927556325
109.05	0.0010086321635
109.1	0.00102489252175
109.15	0.001041549075
109.2	0.00105861484675
109.25	0.00107610336375
109.3	0.001094028595
109.35	0.00111299352152
109.4	0.00114808212669
109.45	0.00161797998325
109.5	0.0141913548243
109.55	0.0144031782475
109.6	0.01461978927
109.65	0.01484133621
109.7	0.015067966155
109.75	0.01529983961
109.8	0.015537118875
109.85	0.0157799737075
109.9	0.0160285808925
109.95	0.0162831237575
110.0	0.016543793025
110.05	0.0168107904162
110.1	0.017084318325
110.15	0.0173645939625
110.2	0.0176518438962
110.25	0.017946300675
110.3	0.018248206585
110.35	0.0185578184875
110.4	0.0188754011725
110.45	0.0192012301862
110.5	0.01953559407
110.55	0.0198787980537
110.6	0.0202311585675
110.65	0.02059299839
110.7	0.02096466604
110.75	0.02134652554
110.8	0.0217389489525
110.85	0.022142335175
110.9	0.02255709662
110.95	0.0229836689175
111.0	0.02342250307
111.05	0.023874079015
111.1	0.024338897815
111.15	0.0248174803888
111.2	0.02531038253
111.25	0.0258181879075
111.3	0.0263414977875
111.35	0.0268809586375
111.4	0.02743724803
111.45	0.0280110772
111.5	0.0286031895825
111.55	0.029214381015
111.6	0.0298454860225
111.65	0.0304973872425
111.7	0.031171007525
111.75	0.031867334175
111.8	0.0325874083075
111.85	0.033332330545
111.9	0.034103267095
111.95	0.0349014525575
112.0	0.0357281986575
112.05	0.03658489979
112.1	0.0374730304275
112.15	0.038394166585
112.2	0.0393498886875
112.25	0.04034215463
112.3	0.04137277742
112.35	0.042443790405
112.4	0.043557347335
112.45	0.04471576748
112.5	0.04592151922
112.55	0.04717725889
112.6	0.0484858292925
112.65	0.04985027597
112.7	0.051273884465
112.75	0.0527601753175
112.8	0.05431295301
112.85	0.055936311
112.9	0.057634673985
112.95	0.059412841525
113.0	0.061275984275
113.05	0.063229740765
113.1	0.0652802097125
113.15	0.0674340453325
113.2	0.06969849865
113.25	0.072081479325
113.3	0.0745916648975
113.35	0.07723853635
113.4	0.080032539
113.45	0.08298516389
113.5	0.0861090905
113.55	0.08941835175
113.6	0.092928518025
113.65	0.09665691225
113.7	0.10062287224
113.75	0.104848032235
113.8	0.109356711675
113.85	0.114176308335
113.9	0.119337876325
113.95	0.1248766632
114.0	0.13083295615
114.05	0.13725297235
114.1	0.144190059775
114.15	0.151706094875
114.2	0.1598733678
114.25	0.168776891375
114.3	0.17851748135
114.35	0.189215987175
114.4	0.2010193396
114.45	0.214110424375
114.5	0.22872523775
114.55	0.24518487595
114.6	0.2639556318
114.65	0.28575678825
114.7	0.3117390308
114.75	0.343744575925
114.8	0.384624413325
114.85	0.43851666975
114.9	0.5109049001
114.95	0.608219699625
115.0	0.73678763735
115.05	0.901082181425
115.1	1.1013551865
115.15	1.33055715117
115.2	1.5700844631
115.25	1.78538143888
115.3	1.92951216492
115.35	1.96698162475
115.4	1.903604744
115.45	1.7825014155
115.5	1.65225601875
115.55	1.5474770415
115.6	1.48857598875
115.65	1.487582969
115.7	1.5539166445
115.75	1.70007467525
115.8	1.947752456
115.85	2.33385700163
115.9	2.914758593
115.95	3.76616191012
116.0	4.97560198957
116.05	6.62550335363
116.1	8.76683516313
116.15	11.3846041136
116.2	14.3531930824
116.25	17.3753529209
116.3	19.9249159309
116.35	21.3156077931
116.4	21.0526400686
116.45	19.233447006
116.5	16.4621589535
116.55	13.4022296434
116.6	10.508902317
116.65	8.01945803298
116.7	6.01951875727
116.75	4.49900351228
116.8	3.39284474417
116.85	2.61275526128
116.9	2.07053094344
116.95	1.6917661892
117.0	1.42080757325
117.05	1.2196849681
117.1	1.06419997382
117.15	0.939566601825
117.2	0.83684754975
117.25	0.750510533012
117.3	0.676946645325
117.35	0.613644261118
117.4	0.558750243725
117.45	0.510838394113
117.5	0.468780505187
117.55	0.431668408325
117.6	0.398762766975
117.65	0.36945641155
117.7	0.34324700815
117.75	0.31971601245
117.8	0.298512962475
117.85	0.2793424
117.9	0.261953951468
117.95	0.246134488825
118.0	0.231701608465
118.05	0.218498520275
118.1	0.206389908675
118.15	0.195258488965
118.2	0.185002161073
118.25	0.175531851167
118.3	0.1667694462
118.35	0.15864628431
118.4	0.15110179991
118.45	0.144082416042
118.5	0.137540601308
118.55	0.131434062445
118.6	0.125725104965
118.65	0.120379979487
118.7	0.115368459405
118.75	0.110663393748
118.8	0.106240311
118.85	0.102077135928
118.9	0.098153941965
118.95	0.09445262592
119.0	0.09095677915
119.05	0.08765148331
119.1	0.0845231686125
119.15	0.081559391625
119.2	0.0787488371
119.25	0.0760811179775
119.3	0.073546732195
119.35	0.0711369458825
119.4	0.06884371261
119.45	0.0666596377925
119.5	0.06457790843
119.55	0.062592231815
119.6	0.0606967842963
119.65	0.058886183065
119.7	0.0571554361175
119.75	0.0554999214225
119.8	0.0539153405288
119.85	0.0523976905737
119.9	0.05094326131
119.95	0.0495485878125
120.0	0.0482104406025
120.05	0.0469258049675
120.1	0.045691864155
120.15	0.0445059850125
120.2	0.0433657085625
120.25	0.0422687178175
120.3	0.0412128565475
120.35	0.040196088675
120.4	0.039216505635
120.45	0.0382723202275
120.5	0.03736184311
120.55	0.036483495965
120.6	0.0356357771875
120.65	0.03481727646
120.7	0.034026672375
120.75	0.0332627091075
120.8	0.032524203865
120.85	0.03181003223
120.9	0.0311191422075
120.95	0.0304505292413
121.0	0.0298032489725
121.05	0.0291763991725
121.1	0.0285691300062
121.15	0.0279806376775
121.2	0.0274101504667
121.25	0.02685694368
121.3	0.026320325095
121.35	0.02579963878
121.4	0.0252942620025
121.45	0.0248035946635
121.5	0.0243270773163
121.55	0.0238641644317
121.6	0.02341435045
121.65	0.0229771407625
121.7	0.0225520693375
121.75	0.0221386913157
121.8	0.0217365824158
121.85	0.0213453311925
121.9	0.020964559539
121.95	0.020593888209
122.0	0.02023267626
122.05	0.0198654922475
122.1	0.0186763928175
122.15	0.0183553114425
122.2	0.0180424370925
122.25	0.01773749109
122.3	0.0174402057075
122.35	0.01715033238
122.4	0.01686761871
122.45	0.01659183639
122.5	0.01632275985
122.55	0.0160601739225
122.6	0.01580387001
122.65	0.01555365156
122.7	0.015309325305
122.75	0.01507070838
122.8	0.014837625585
122.85	0.0146099061
122.9	0.01438738677
122.95	0.0141699104625
123.0	0.013957326615
123.05	0.0137494884975
123.1	0.01354625814
123.15	0.0133436919
123.2	0.012929800515
123.25	0.0
123.3	0.0
123.35	0.0
123.4	0.0
123.45	0.0
123.5	0.0
123.55	0.0
123.6	0.0
123.65	0.0
123.7	0.0
123.75	0.0
123.8	0.0
123.85	0.0
123.9	0.0
123.95	0.0
124.0	0.0
124.05	0.0
124.1	0.0
124.15	0.0
124.2	0.0
124.25	0.0
124.3	0.0
124.35	1.286406861e-06
124.4	8.14522884e-05
124.45	0.0051101083875
124.5	0.00516365451
124.55	0.00521804673
124.6	0.00527330253
124.65	0.005329440225
124.7	0.0053864789625
124.75	0.0054444376125
124.8	0.00550333671
124.85	0.0055631965125
124.9	0.0056240378325
124.95	0.0056858825925
125.0	0.00574875216
125.05	0.0058126695675
125.1	0.0058776595125
125.15	0.0059437439175
125.2	0.0060109494225
125.25	0.006079300725
125.3	0.006148823355
125.35	0.0062195456175
125.4	0.00629149443
125.45	0.0063646980975
125.5	0.00643918659
125.55	0.0065149893225
125.6	0.006592138485
125.65	0.00667066488
125.7	0.00675060264
125.75	0.00683198451
125.8	0.00691484712
125.85	0.006999225435
125.9	0.0070851569175
125.95	0.0071726798625
126.0	0.0072618328425
126.05	0.00735265887
126.1	0.0074451981825
126.15	0.0075394943475
126.2	0.007635592875
126.25	0.00773353872
126.3	0.007833380445
126.35	0.007935168
126.4	0.0080389505025
126.45	0.00814478151
126.5	0.00825271458
126.55	0.0083628063225
126.6	0.008475114735
126.65	0.0085896992025
126.7	0.008706621885
126.75	0.00882858930812
126.8	0.00914435136977
126.85	0.0236024195333
126.9	0.0238714962075
126.95	0.02414534865
127.0	0.0244240939275
127.05	0.0247078557187
127.1	0.024996755631
127.15	0.0252909250125
127.2	0.0255904962975
127.25	0.0258956060325
127.3	0.026206399395
127.35	0.026523018936
127.4	0.0268456198492
127.45	0.0271743576825
127.5	0.0275093938875
127.55	0.0278508981667
127.6	0.028199043555
127.65	0.0285540094935
127.7	0.0289159809015
127.75	0.0292851536737
127.8	0.0296617236525
127.85	0.0300458984925
127.9	0.0304378925063
127.95	0.0308379310125
128.0	0.0312462402825
128.05	0.0316630592325
128.1	0.032088636795
128.15	0.0325232328825
128.2	0.0329671125225
128.25	0.033420553995
128.3	0.0338838421875
128.35	0.0343572800775
128.4	0.0348411811725
128.45	0.0353358642675
128.5	0.0358416717825
128.55	0.0363589533
128.6	0.036888071775
128.65	0.03742941252
128.7	0.037983369675
128.75	0.03855035979
128.8	0.039130808415
128.85	0.039725170275
128.9	0.0403339151325
128.95	0.040957532955
129.0	0.04159654134
129.05	0.04225146654
129.1	0.0429228783075
129.15	0.0436113588825
129.2	0.04431752469
129.25	0.04504201335
129.3	0.0457855094175
129.35	0.0465487086675
129.4	0.0473323559513
129.45	0.0481372270275
129.5	0.04896414105
129.55	0.0498139531275
129.6	0.050687569335
129.65	0.0515859345975
129.7	0.0525100450575
129.75	0.0534609548925
129.8	0.0544397760525
129.85	0.055447668825
129.9	0.05648587023
129.95	0.0575556837825
130.0	0.0586584827925
130.05	0.059796267495
130.1	0.0610204734937
130.15	0.067055717895
130.2	0.0683483858325
130.25	0.069682777485
130.3	0.071060856555
130.35	0.0724846926975
130.4	0.073956498885
130.45	0.07547861952
130.5	0.0770535572025
130.55	0.07868398608
130.6	0.0803727450525
130.65	0.08212287636
130.7	0.0839376301275
130.75	0.0858204822825
130.8	0.08777516331
130.85	0.089805677175
130.9	0.0919163098875
130.95	0.094111679475
131.0	0.0963967518675
131.05	0.0987768890775
131.1	0.101257868887
131.15	0.10384592595
131.2	0.106547824725
131.25	0.109370894288
131.3	0.1123230717
131.35	0.115413000668
131.4	0.118650062063
131.45	0.122044514445
131.5	0.12560754375
131.55	0.129351402563
131.6	0.133289475188
131.65	0.13743651429
131.7	0.141808717088
131.75	0.14642391051
131.8	0.151301845373
131.85	0.156464314913
131.9	0.161935539293
131.95	0.167742421883
132.0	0.173914938788
132.05	0.180486593182
132.1	0.187494895913
132.15	0.194981994653
132.2	0.202995349238
132.25	0.211588523063
132.3	0.220822240095
132.35	0.230765533485
132.4	0.24149706345
132.45	0.253106896028
132.5	0.265698456458
132.55	0.27939112632
132.6	0.294323358375
132.65	0.310656740625
132.7	0.328581664725
132.75	0.348325109025
132.8	0.37016253255
132.85	0.39443655195
132.9	0.421586264993
132.95	0.452195207108
133.0	0.487066304618
133.05	0.52733772321
133.1	0.574652494118
133.15	0.631395164325
133.2	0.700997283038
133.25	0.788298913733
133.3	0.899922399263
133.35	1.04457882473
133.4	1.2331884765
133.45	1.47867196979
133.5	1.79526706457
133.55	2.1972738951
133.6	2.69721057941
133.65	3.30345266044
133.7	4.01748399314
133.75	4.83078778505
133.8	5.72119159769
133.85	6.64832942552
133.9	7.54858177446
133.95	8.33275759061
134.0	8.89445313338
134.05	9.13719127069
134.1	9.01377895583
134.15	8.55024680445
134.2	7.83232547299
134.25	6.96726352159
134.3	6.05116151955
134.35	5.1554499069
134.4	4.32703285301
134.45	3.59307513818
134.5	2.96582622015
134.55	2.44650819097
134.6	2.0285592717
134.65	1.70048493121
134.7	1.448349597
134.75	1.25778755168
134.8	1.11544021289
134.85	1.00980460793
134.9	0.931571993325
134.95	0.873591288675
135.0	0.8306062422
135.05	0.798891996375
135.1	0.775885083225
135.15	0.759859971675
135.2	0.7496731182
135.25	0.7445756913
135.3	0.74408627205
135.35	0.747906687975
135.4	0.7558714887
135.45	0.76791693465
135.5	0.784065090975
135.55	0.804416110575
135.6	0.829146342525
135.65	0.8585128698
135.7	0.892861572375
135.75	0.93264311835
135.8	0.978438828675
135.85	1.0310016015
135.9	1.09132203398
135.95	1.16073299587
136.0	1.24106930595
136.05	1.33490697885
136.1	1.44590759925
136.15	1.57928621295
136.2	1.74241476367
136.25	1.94553848512
136.3	2.2025419386
136.35	2.5316446524
136.4	2.9558346285
136.45	3.50280007012
136.5	4.20409316805
136.55	5.0932973367
136.6	6.2030712402
136.65	7.561097199
136.7	9.18511428345
136.75	11.0772623992
136.8	13.2177993457
136.85	15.5578365341
136.9	18.0104931174
136.95	20.4407288032
137.0	22.6582792361
137.05	24.4258240024
137.1	25.4992348417
137.15	25.701884044
137.2	24.9975962504
137.25	23.5074875749
137.3	21.4561733269
137.35	19.0913532034
137.4	16.6267283929
137.45	14.2214542809
137.5	11.9824799638
137.55	9.97429500465
137.6	8.22855001125
137.65	6.7519608795
137.7	5.53772843985
137.75	4.55233906285
137.8	3.769542178
137.85	3.1557135565
137.9	2.6780916075
137.95	2.3071001859
138.0	2.0176017073
138.05	1.789273899
138.1	1.606364671
138.15	1.45708593962
138.2	1.3328583651
138.25	1.22756229185
138.3	1.13687770295
138.35	1.05775622715
138.4	0.98802303555
138.45	0.9260937176
138.5	0.87078028925
138.55	0.821164514075
138.6	0.77651454175
138.65	0.73623265115
138.7	0.699820559
138.75	0.666857505
138.8	0.636984213225
138.85	0.609892181875
138.9	0.5853151944
138.95	0.56302301725
139.0	0.5428159745
139.05	0.524521164475
139.1	0.507988608625
139.15	0.4930885052
139.2	0.47970903585
139.25	0.46775419245
139.3	0.45714216505
139.35	0.447804229125
139.4	0.439683207825
139.45	0.432733189125
139.5	0.4269184629
139.55	0.42221319995
139.6	0.418601255885
139.65	0.4160758495
139.7	0.414639789175
139.75	0.41430559975
139.8	0.415096025025
139.85	0.41704460936
139.9	0.420196660375
139.95	0.42461033325
140.0	0.430358393525
140.05	0.437530634575
140.1	0.446236854285
140.15	0.456611672513
140.2	0.468821417925
140.25	0.483074536235
140.3	0.49963672295
140.35	0.518854346585
140.4	0.541187919375
140.45	0.567260699725
140.5	0.597925550275
140.55	0.6343550014
140.6	0.6781561899
140.65	0.73150931828
140.7	0.79732415671
140.75	0.879399492712
140.8	0.982562877165
140.85	1.11275620599
140.9	1.27702636178
140.95	1.48337753679
141.0	1.74044192436
141.05	2.05694475901
141.1	2.44095827744
141.15	2.89896340051
141.2	3.43476365672
141.25	4.04828262602
141.3	4.73425951562
141.35	5.48077291863
141.4	6.26749242401
141.45	7.06364153711
141.5	7.82613565549
141.55	8.4994325449
141.6	9.01979113154
141.65	9.32639192656
141.7	9.37785752068
141.75	9.16659672775
141.8	8.72170200208
141.85	8.09829553845
141.9	7.36069007976
141.95	6.56857462986
142.0	5.77017576799
142.05	5.0010145257
142.1	4.28534299588
142.15	3.63821202641
142.2	3.06735182016
142.25	2.57474277818
142.3	2.15797860855
142.35	1.81150540572
142.4	1.52775882109
142.45	1.29816700848
142.5	1.11397717339
142.55	0.96687579223
142.6	0.849398070097
142.65	0.755143953408
142.7	0.678837867342
142.75	0.616275171125
142.8	0.564199782885
142.85	0.52014926161
142.9	0.482294603923
142.95	0.44929364503
143.0	0.420165856095
143.05	0.39419266382
143.1	0.37084171936
143.15	0.34971114105
143.2	0.33049041152
143.25	0.312933537155
143.3	0.296840526682
143.35	0.282045239445
143.4	0.26840718097
143.45	0.255805805405
143.5	0.244136672543
143.55	0.23330843659
143.6	0.223240943377
143.65	0.21384969275
143.7	0.199720127742
143.75	0.191596648625
143.8	0.18399402963
143.85	0.17686792222
143.9	0.170178522693
143.95	0.163890139208
144.0	0.157970652615
144.05	0.1523910785
144.1	0.14712526991
144.15	0.142149540432
144.2	0.137442374417
144.25	0.132984280832
144.3	0.128757473308
144.35	0.124745746912
144.4	0.120934311362
144.45	0.117309639452
144.5	0.11385930636
144.55	0.110571957915
144.6	0.107437110875
144.65	0.10444515181
144.7	0.101587230902
144.75	0.0988551523175
144.8	0.0962413638
144.85	0.093738867695
144.9	0.0913411975875
144.95	0.0890423354625
145.0	0.0868367212537
145.05	0.0847191672725
145.1	0.0826848570925
145.15	0.0807292987875
145.2	0.0788483147262
145.25	0.0770379900675
145.3	0.0752946761475
145.35	0.0736149723425
145.4	0.0719956745425
145.45	0.0704337971775
145.5	0.068926531
145.55	0.0674712467125
145.6	0.066065475235
145.65	0.06470689136
145.7	0.06339329968
145.75	0.06212265775
145.8	0.0608930107075
145.85	0.0597025432575
145.9	0.05854952725
145.95	0.05743233643
146.0	0.0563494210025
146.05	0.055299334105
146.1	0.0542806974025
146.15	0.0532922069875
146.2	0.0523326270425
146.25	0.0514007876662
146.3	0.050495578875
146.35	0.04961594219
146.4	0.048760877695
146.45	0.047929444015
146.5	0.0471207240525
146.55	0.0463338647137
146.6	0.045568038546
146.65	0.0448224741507
146.7	0.0440964278158
146.75	0.0433891856675
146.8	0.0427000805907
146.85	0.0420284572575
146.9	0.0413737080112
146.95	0.0407352439075
147.0	0.040112503465
147.05	0.039504945175
147.1	0.0389120609315
147.15	0.0383333574265
147.2	0.037768359371
147.25	0.03721662572
147.3	0.0366777216517
147.35	0.036151198955
147.4	0.0356162985487
147.45	0.0206824559
147.5	0.02032984535
147.55	0.0199861615
147.6	0.019651110825
147.65	0.0193243998
147.7	0.01900576145
147.75	0.0186949288
147.8	0.018391649035
147.85	0.01809568055
147.9	0.01780679118
147.95	0.01752475525
148.0	0.01724935977
148.05	0.016980396765
148.1	0.01671766947
148.15	0.01646098525
148.2	0.016210160615
148.25	0.01596501886
148.3	0.01572539154
148.35	0.015491111685
148.4	0.01526202265
148.45	0.015037973985
148.5	0.0148188176
148.55	0.0146044116
148.6	0.01439462176
148.65	0.014189315035
148.7	0.013988364575
148.75	0.01379164943
148.8	0.0135990516
148.85	0.01341045515
148.9	0.013225750635
148.95	0.013044834215
149.0	0.012867600575
149.05	0.01269395148
149.1	0.01252378958
149.15	0.01235702549
149.2	0.0121935654
149.25	0.01203332671
149.3	0.01187622151
149.35	0.01172217133
149.4	0.0115710977
149.45	0.01142292215
149.5	0.01127757152
149.55	0.01113497678
149.6	0.01099506713
149.65	0.010857777375
149.7	0.010723039075
149.75	0.01059079205
149.8	0.01046097435
149.85	0.01033352845
149.9	0.01020839535
149.95	0.010085519
150.0	0.0099648463
150.05	0.0098463271
150.1	0.00972990535
150.15	0.00961553739
150.2	0.0095031713
150.25	0.009392763715
150.3	0.009284265665
150.35	0.009177636735
150.4	0.009072832675
150.45	0.008969812775
150.5	0.00886853662
150.55	0.00876896468
150.6	0.008671059785
150.65	0.00857478388
150.7	0.00848010186
150.75	0.00838697803
150.8	0.00829537935
150.85	0.008205272485
150.9	0.0081166241
150.95	0.008029404695
151.0	0.007943582705
151.05	0.00785912804
151.1	0.00777601238
151.15	0.007694207995
151.2	0.00761368745
151.25	0.007534422425
151.3	0.007456389025
151.35	0.0073795607
151.4	0.00730391385
151.45	0.007229423105
151.5	0.00715606516
151.55	0.00708381789
151.6	0.00701265858
151.65	0.006942565695
151.7	0.006873517995
151.75	0.006805494535
151.8	0.00673847614
151.85	0.00667244157
151.9	0.00660737283
151.95	0.006543251335
152.0	0.006480057025
152.05	0.00641777456
152.1	0.00635638447
152.15	0.006295871415
152.2	0.00623621799
152.25	0.006177407085
152.3	0.00611942454
152.35	0.00606225413
152.4	0.00600588081
152.45	0.00595028983
152.5	0.005895467325
152.55	0.00584139766
152.6	0.005788068445
152.65	0.00573546611
152.7	0.005683577675
152.75	0.005632389865
152.8	0.00558188911
152.85	0.005532065085
152.9	0.0054829054
152.95	0.005434397075
153.0	0.005386529785
153.05	0.005339291435
153.1	0.0052926717
153.15	0.00524665996
153.2	0.005199076165
153.25	0.0
153.3	0.0
153.35	0.0
153.4	0.0
153.45	0.0
153.5	0.0
153.55	0.0
153.6	0.0
153.65	0.0
153.7	0.0
153.75	0.0
153.8	0.0
153.85	0.0
153.9	0.0
153.95	0.0
154.0	0.0
154.05	0.0
154.1	0.0
154.15	0.0
154.2	0.0
154.25	0.0
154.3	0.0
154.35	0.0
154.4	0.0
154.45	0.0
154.5	0.0
154.55	0.0
154.6	0.0
154.65	0.0
154.7	0.0
154.75	0.0
154.8	0.0
154.85	0.0
154.9	0.0
154.95	0.0
155.0	0.0
155.05	0.0
155.1	0.0
155.15	0.0
155.2	0.0
155.25	0.0
155.3	0.0
155.35	0.0
155.4	0.0
155.45	0.0
155.5	0.0
155.55	0.0
155.6	0.0
155.65	0.0
155.7	0.0
155.75	0.0
155.8	0.0
155.85	0.0
155.9	0.0
155.95	0.0
156.0	0.0
156.05	0.0
156.1	0.0
156.15	0.0
156.2	0.0
156.25	0.0
156.3	0.0
156.35	0.0
156.4	0.0
156.45	0.0
156.5	0.0
156.55	0.0
156.6	0.0
156.65	0.0
156.7	0.0
156.75	0.0
156.8	0.0
156.85	0.0
156.9	0.0
156.95	0.0
157.0	0.0
157.05	0.0
157.1	0.0
157.15	0.0
157.2	0.0
157.25	0.0
157.3	0.0
157.35	0.0
157.4	0.0
157.45	0.0
157.5	0.0
157.55	0.0
157.6	0.0
157.65	0.0
157.7	0.0
157.75	0.0
157.8	0.0
157.85	0.0
157.9	0.0
157.95	0.0
158.0	0.0
158.05	0.0
158.1	0.0
158.15	0.0
158.2	0.0
158.25	0.0
158.3	0.0
158.35	0.0
158.4	0.0
158.45	0.0
158.5	0.0
158.55	0.0
158.6	0.0
158.65	0.0
158.7	0.0
158.75	0.0
158.8	0.0
158.85	0.0
158.9	0.0
158.95	0.0
159.0	0.0
159.05	0.0
159.1	0.0
159.15	0.0
159.2	0.0
159.25	0.0
159.3	0.0
159.35	0.0
159.4	0.0
159.45	0.0
159.5	0.0
159.55	0.0
159.6	0.0
159.65	0.0
159.7	0.0
159.75	0.0
159.8	0.0
159.85	0.0
159.9	0.0
159.95	0.0
160.0	0.0
160.05	0.0
160.1	0.0
160.15	0.0
160.2	0.0
160.25	0.0
160.3	0.0
160.35	0.0
160.4	0.0
160.45	0.0
160.5	0.0
160.55	0.0
160.6	0.0
160.65	0.0
160.7	0.0
160.75	0.0
160.8	0.0
160.85	0.0
160.9	0.0
160.95	0.0
161.0	0.0
161.05	0.0
161.1	0.0
161.15	0.0
161.2	0.0
161.25	0.0
161.3	0.0
161.35	0.0
161.4	0.0
161.45	0.0
161.5	0.0
161.55	0.0
161.6	0.0
161.65	0.0
161.7	0.0
161.75	0.0
161.8	0.0
161.85	0.0
161.9	0.0
161.95	0.0
162.0	0.0
162.05	0.0
162.1	0.0
162.15	0.0
162.2	0.0
162.25	0.0
162.3	0.0
162.35	0.0
162.4	0.0
162.45	0.0
162.5	0.0
162.55	0.0
162.6	0.0
162.65	0.0
162.7	0.0
162.75	0.0
162.8	0.0
162.85	0.0
162.9	0.0
162.95	0.0
163.0	0.0
163.05	0.0
163.1	0.0
163.15	0.0
163.2	0.0
163.25	0.0
163.3	0.0
163.35	0.0
163.4	0.0
163.45	0.0
163.5	0.0
163.55	0.0
163.6	0.0
163.65	0.0
163.7	0.0
163.75	0.0
163.8	0.0
163.85	0.0
163.9	0.0
163.95	0.0
164.0	0.0
164.05	0.0
164.1	0.0
164.15	0.0
164.2	0.0
164.25	0.0
164.3	0.0
164.35	0.0
164.4	0.0
164.45	0.0
164.5	0.0
164.55	0.0
164.6	0.0
164.65	0.0
164.7	0.0
164.75	0.0
164.8	0.0
164.85	0.0
164.9	0.0
164.95	0.0
165.0	0.0
165.05	0.0
165.1	0.0
165.15	0.0
165.2	0.0
165.25	0.0
165.3	0.0
165.35	0.0
165.4	0.0
165.45	0.0
165.5	0.0
165.55	0.0
165.6	0.0
165.65	0.0
165.7	0.0
165.75	0.0
165.8	0.0
165.85	0.0
165.9	0.0
165.95	0.0
166.0	0.0
166.05	0.0
166.1	0.0
166.15	0.0
166.2	0.0
166.25	0.0
166.3	0.0
166.35	0.0
166.4	0.0
166.45	0.0
166.5	0.0
166.55	0.0
166.6	0.0
166.65	0.0
166.7	0.0
166.75	0.0
166.8	0.0
166.85	0.0
166.9	0.0
166.95	0.0
167.0	0.0
167.05	0.0
167.1	0.0
167.15	0.0
167.2	0.0
167.25	0.0
167.3	0.0
167.35	0.0
167.4	0.0
167.45	0.0
167.5	0.0
167.55	0.0
167.6	0.0
167.65	0.0
167.7	0.0
167.75	0.0
167.8	0.0
167.85	0.0
167.9	0.0
167.95	0.0
168.0	0.0
168.05	0.0
168.1	0.0
168.15	0.0
168.2	0.0
168.25	0.0
168.3	0.0
168.35	0.0
168.4	0.0
168.45	0.0
168.5	0.0
168.55	0.0
168.6	0.0
168.65	0.0
168.7	0.0
168.75	0.0
168.8	0.0
168.85	0.0
168.9	0.0
168.95	0.0
169.0	0.0
169.05	0.0
169.1	0.0
169.15	0.0
169.2	0.0
169.25	0.0
169.3	0.0
169.35	0.0
169.4	0.0
169.45	0.0
169.5	0.0
169.55	0.0
169.6	0.0
169.65	0.0
169.7	0.0
169.75	0.0
169.8	0.0
169.85	0.0
169.9	0.0
169.95	0.0
170.0	0.0
170.05	0.0
170.1	0.0
170.15	0.0
170.2	0.0
170.25	0.0
170.3	0.0
170.35	0.0
170.4	0.0
170.45	0.0
170.5	0.0
170.55	0.0
170.6	0.0
170.65	0.0
170.7	0.0
170.75	0.0
170.8	0.0
170.85	0.0
170.9	0.0
170.95	0.0
171.0	0.0
171.05	0.0
171.1	0.0
171.15	0.0
171.2	0.0
171.25	0.0
171.3	0.0
171.35	0.0
171.4	0.0
171.45	0.0
171.5	0.0
171.55	0.0
171.6	0.0
171.65	0.0
171.7	0.0
171.75	0.0
171.8	0.0
171.85	0.0
171.9	0.0
171.95	0.0
172.0	0.0
172.05	0.0
172.1	0.0
172.15	0.0
172.2	0.0
172.25	0.0
172.3	0.0
172.35	0.0
172.4	0.0
172.45	0.0
172.5	0.0
172.55	0.0
172.6	0.0
172.65	0.0
172.7	0.0
172.75	0.0
172.8	0.0
172.85	0.0
172.9	0.0
172.95	0.0
173.0	0.0
173.05	0.0
173.1	0.0
173.15	0.0
173.2	0.0
173.25	0.0
173.3	0.0
173.35	0.0
173.4	0.0
173.45	0.0
173.5	0.0
173.55	0.0
173.6	0.0
173.65	0.0
173.7	0.0
173.75	0.0
173.8	0.0
173.85	0.0
173.9	0.0
173.95	0.0
174.0	0.0
174.05	0.0
174.1	0.0
174.15	0.0
174.2	0.0
174.25	0.0
174.3	0.0
174.35	0.0
174.4	0.0
174.45	0.0
174.5	0.0
174.55	0.0
174.6	0.0
174.65	0.0
174.7	0.0
174.75	0.0
174.8	0.0
174.85	0.0
174.9	0.0
174.95	0.0
175.0	0.0
175.05	0.0
175.1	0.0
175.15	0.0
175.2	0.0
175.25	0.0
175.3	0.0
175.35	0.0
175.4	0.0
175.45	0.0
175.5	0.0
175.55	0.0
175.6	0.0
175.65	0.0
175.7	0.0
175.75	0.0
175.8	0.0
175.85	0.0
175.9	0.0
175.95	0.0
176.0	0.0
176.05	0.0
176.1	0.0
176.15	0.0
176.2	0.0
176.25	0.0
176.3	0.0
176.35	0.0
176.4	0.0
176.45	0.0
176.5	0.0
176.55	0.0
176.6	0.0
176.65	0.0
176.7	0.0
176.75	0.0
176.8	0.0
176.85	0.0
176.9	0.0
176.95	0.0
177.0	0.0
177.05	0.0
177.1	0.0
177.15	0.0
177.2	0.0
177.25	0.0
177.3	0.0
177.35	0.0
177.4	0.0
177.45	0.0
177.5	0.0
177.55	0.0
177.6	0.0
177.65	0.0
177.7	0.0
177.75	0.0
177.8	0.0
177.85	0.0
177.9	0.0
177.95	0.0
178.0	0.0
178.05	0.0
178.1	0.0
178.15	0.0
178.2	0.0
178.25	0.0
178.3	0.0
178.35	0.0
178.4	0.0
178.45	0.0
178.5	0.0
178.55	0.0
178.6	0.0
178.65	0.0
178.7	0.0
178.75	0.0
178.8	0.0
178.85	0.0
178.9	0.0
178.95	0.0
179.0	0.0
179.05	0.0
179.1	0.0
179.15	0.0
179.2	0.0
179.25	0.0
179.3	0.0
179.35	0.0
179.4	0.0
179.45	0.0
179.5	0.0
179.55	0.0
179.6	0.0
179.65	0.0
179.7	0.0
179.75	0.0
179.8	0.0
179.85	0.0
179.9	0.0
