 0.0 0.0
 0.05 0.0
 0.1 0.0
 0.15 0.0
 0.2 0.0
 0.25 0.0
 0.3 0.0
 0.35 0.0
 0.4 0.0
 0.45 0.0
 0.5 0.0
 0.55 0.0
 0.6 0.0
 0.65 0.0
 0.7 0.0
 0.75 0.0
 0.8 0.0
 0.85 0.0
 0.9 0.0
 0.95 0.0
 1.0 0.0
 1.05 0.0
 1.1 0.0
 1.15 0.0
 1.2 0.0
 1.25 0.0
 1.3 0.0
 1.35 0.0
 1.4 0.0
 1.45 0.0
 1.5 0.0
 1.55 0.0
 1.6 0.0
 1.65 0.0
 1.7 0.0
 1.75 0.0
 1.8 0.0
 1.85 0.0
 1.9 0.0
 1.95 0.0
 2.0 0.0
 2.05 0.0
 2.1 0.0
 2.15 0.0
 2.2 0.0
 2.25 0.0
 2.3 0.0
 2.35 0.0
 2.4 0.0
 2.45 0.0
 2.5 0.0
 2.55 0.0
 2.6 0.0
 2.65 0.0
 2.7 0.0
 2.75 0.0
 2.8 0.0
 2.85 0.0
 2.9 0.0
 2.95 0.0
 3.0 0.0
 3.05 0.0
 3.1 0.0
 3.15 0.0
 3.2 0.0
 3.25 0.0
 3.3 0.0
 3.35 0.0
 3.4 0.0
 3.45 0.0
 3.5 0.0
 3.55 0.0
 3.6 0.0
 3.65 0.0
 3.7 0.0
 3.75 0.0
 3.8 0.0
 3.85 0.0
 3.9 0.0
 3.95 0.0
 4.0 0.0
 4.05 0.0
 4.1 0.0
 4.15 0.0
 4.2 0.0
 4.25 0.0
 4.3 0.0
 4.35 0.0
 4.4 0.0
 4.45 0.0
 4.5 0.0
 4.55 0.0
 4.6 0.0
 4.65 0.0
 4.7 0.0
 4.75 0.0
 4.8 0.0
 4.85 0.0
 4.9 0.0
 4.95 0.0
 5.0 0.0
 5.05 0.0
 5.1 0.0
 5.15 0.0
 5.2 0.0
 5.25 0.0
 5.3 0.0
 5.35 0.0
 5.4 0.0
 5.45 0.0
 5.5 0.0
 5.55 0.0
 5.6 0.0
 5.65 0.0
 5.7 0.0
 5.75 0.0
 5.8 0.0
 5.85 0.0
 5.9 0.0
 5.95 0.0
 6.0 0.0
 6.05 0.0
 6.1 0.0
 6.15 0.0
 6.2 0.0
 6.25 0.0
 6.3 0.0
 6.35 0.0
 6.4 0.0
 6.45 0.0
 6.5 0.0
 6.55 0.0
 6.6 0.0
 6.65 0.0
 6.7 0.0
 6.75 0.0
 6.8 0.0
 6.85 0.0
 6.9 0.0
 6.95 0.0
 7.0 0.0
 7.05 0.0
 7.1 0.0
 7.15 0.0
 7.2 0.0
 7.25 0.0
 7.3 0.0
 7.35 0.0
 7.4 0.0
 7.45 0.0
 7.5 0.0
 7.55 0.0
 7.6 0.0
 7.65 0.0
 7.7 0.0
 7.75 0.0
 7.8 0.0
 7.85 0.0
 7.9 0.0
 7.95 0.0
 8.0 0.0
 8.05 0.0
 8.1 0.0
 8.15 0.0
 8.2 0.0
 8.25 0.0
 8.3 0.0
 8.35 0.0
 8.4 0.0
 8.45 0.0
 8.5 0.0
 8.55 0.0
 8.6 0.0
 8.65 0.0
 8.7 0.0
 8.75 0.0
 8.8 0.0
 8.85 0.0
 8.9 0.0
 8.95 0.0
 9.0 0.0
 9.05 0.0
 9.1 0.0
 9.15 0.0
 9.2 0.0
 9.25 0.0
 9.3 0.0
 9.35 0.0
 9.4 0.0
 9.45 0.0
 9.5 0.0
 9.55 0.0
 9.6 0.0
 9.65 0.0
 9.7 0.0
 9.75 0.0
 9.8 0.0
 9.85 0.0
 9.9 0.0
 9.95 0.0
 10.0 0.0
 10.05 0.0
 10.1 0.0
 10.15 0.0
 10.2 0.0
 10.25 0.0
 10.3 0.0
 10.35 0.0
 10.4 0.0
 10.45 0.0
 10.5 0.0
 10.55 0.0
 10.6 0.0
 10.65 0.0
 10.7 0.0
 10.75 0.0
 10.8 0.0
 10.85 0.0
 10.9 0.0
 10.95 0.0
 11.0 0.0
 11.05 0.0
 11.1 0.0
 11.15 0.0
 11.2 0.0
 11.25 0.0
 11.3 0.0
 11.35 0.0
 11.4 0.0
 11.45 0.0
 11.5 0.0
 11.55 0.0
 11.6 0.0
 11.65 0.0
 11.7 0.0
 11.75 0.0
 11.8 0.0
 11.85 0.0
 11.9 0.0
 11.95 0.0
 12.0 0.0
 12.05 0.0
 12.1 0.0
 12.15 0.0
 12.2 0.0
 12.25 0.0
 12.3 0.0
 12.35 0.0
 12.4 0.0
 12.45 0.0
 12.5 0.0
 12.55 0.0
 12.6 0.0
 12.65 0.0
 12.7 0.0
 12.75 0.0
 12.8 0.0
 12.85 0.0
 12.9 0.0
 12.95 0.0
 13.0 0.0
 13.05 0.0
 13.1 0.0
 13.15 0.0
 13.2 0.0
 13.25 0.0
 13.3 0.0
 13.35 0.0
 13.4 0.0
 13.45 0.0
 13.5 0.0
 13.55 0.0
 13.6 0.0
 13.65 0.0
 13.7 0.0
 13.75 0.0
 13.8 0.0
 13.85 0.0
 13.9 0.0
 13.95 0.0
 14.0 0.0
 14.05 0.0
 14.1 0.0
 14.15 0.0
 14.2 0.0
 14.25 0.0
 14.3 0.0
 14.35 0.0
 14.4 0.0
 14.45 0.0
 14.5 0.0
 14.55 0.0
 14.6 0.0
 14.65 0.0
 14.7 0.0
 14.75 0.0
 14.8 0.0
 14.85 0.0
 14.9 0.0
 14.95 0.0
 15.0 0.0
 15.05 0.0
 15.1 0.0
 15.15 0.0
 15.2 0.0
 15.25 0.0
 15.3 0.0
 15.35 0.0
 15.4 0.0
 15.45 0.0
 15.5 0.0
 15.55 0.0
 15.6 0.0
 15.65 0.0
 15.7 0.0
 15.75 0.0
 15.8 0.0
 15.85 0.0
 15.9 0.0
 15.95 0.0
 16.0 0.0
 16.05 0.0
 16.1 0.0
 16.15 0.0
 16.2 0.0
 16.25 0.0
 16.3 0.0
 16.35 0.0
 16.4 0.0
 16.45 0.0
 16.5 0.0
 16.55 0.0
 16.6 0.0
 16.65 0.0
 16.7 0.0
 16.75 0.0
 16.8 0.0
 16.85 0.0
 16.9 0.0
 16.95 0.0
 17.0 0.0
 17.05 0.0
 17.1 0.0
 17.15 0.0
 17.2 0.0
 17.25 0.0
 17.3 0.0
 17.35 0.0
 17.4 0.0
 17.45 0.0
 17.5 0.0
 17.55 0.0
 17.6 0.0
 17.65 0.0
 17.7 0.0
 17.75 0.0
 17.8 0.0
 17.85 0.0
 17.9 0.0
 17.95 0.0
 18.0 0.0
 18.05 0.0
 18.1 0.0
 18.15 0.0
 18.2 0.0
 18.25 0.0
 18.3 0.0
 18.35 0.0
 18.4 0.0
 18.45 0.0
 18.5 0.0
 18.55 0.0
 18.6 0.0
 18.65 0.0
 18.7 0.0
 18.75 0.0
 18.8 0.0
 18.85 0.0
 18.9 0.0
 18.95 0.0
 19.0 0.0
 19.05 0.0
 19.1 0.0
 19.15 0.0
 19.2 0.0
 19.25 0.0
 19.3 0.0
 19.35 0.0
 19.4 0.0
 19.45 0.0
 19.5 0.0
 19.55 0.0
 19.6 0.0
 19.65 0.0
 19.7 0.0
 19.75 0.0
 19.8 0.0
 19.85 0.0
 19.9 0.0
 19.95 0.0
 20.0 0.0
 20.05 0.0
 20.1 0.0
 20.15 0.0
 20.2 0.0
 20.25 0.0
 20.3 0.0
 20.35 0.0
 20.4 0.0
 20.45 0.0
 20.5 0.0
 20.55 0.0
 20.6 0.0
 20.65 0.0
 20.7 0.0
 20.75 0.0
 20.8 0.0
 20.85 0.0
 20.9 0.0
 20.95 0.0
 21.0 0.0
 21.05 0.0
 21.1 0.0
 21.15 0.0
 21.2 0.0
 21.25 0.0
 21.3 0.0
 21.35 0.0
 21.4 0.0
 21.45 0.0
 21.5 0.0
 21.55 0.0
 21.6 0.0
 21.65 0.0
 21.7 0.0
 21.75 0.0
 21.8 0.0
 21.85 0.0
 21.9 0.0
 21.95 0.0
 22.0 0.0
 22.05 0.0
 22.1 0.0
 22.15 0.0
 22.2 0.0
 22.25 0.0
 22.3 0.0
 22.35 0.0
 22.4 0.0
 22.45 0.0
 22.5 0.0
 22.55 0.0
 22.6 0.0
 22.65 0.0
 22.7 0.0
 22.75 0.0
 22.8 0.0
 22.85 0.0
 22.9 0.0
 22.95 0.0
 23.0 0.0
 23.05 0.0
 23.1 0.0
 23.15 0.0
 23.2 0.0
 23.25 0.0
 23.3 0.0
 23.35 0.0
 23.4 0.0
 23.45 0.0
 23.5 0.0
 23.55 0.0
 23.6 0.0
 23.65 0.0
 23.7 0.0
 23.75 0.0
 23.8 0.0
 23.85 0.0
 23.9 0.0
 23.95 0.0
 24.0 0.0
 24.05 0.0
 24.1 0.0
 24.15 0.0
 24.2 0.0
 24.25 0.0
 24.3 0.0
 24.35 0.0
 24.4 0.0
 24.45 0.0
 24.5 0.0
 24.55 0.0
 24.6 0.0
 24.65 0.0
 24.7 0.0
 24.75 0.0
 24.8 0.0
 24.85 0.0
 24.9 0.0
 24.95 0.0
 25.0 0.0
 25.05 0.0
 25.1 0.0
 25.15 0.0
 25.2 0.0
 25.25 0.0
 25.3 0.0
 25.35 0.0
 25.4 0.0
 25.45 0.0
 25.5 0.0
 25.55 0.0
 25.6 0.0
 25.65 0.0
 25.7 0.0
 25.75 0.0
 25.8 0.0
 25.85 0.0
 25.9 0.0
 25.95 0.0
 26.0 0.0
 26.05 0.0
 26.1 0.0
 26.15 0.0
 26.2 0.0
 26.25 0.0
 26.3 0.0
 26.35 0.0
 26.4 0.0
 26.45 0.0
 26.5 0.0
 26.55 0.0
 26.6 0.0
 26.65 0.0
 26.7 0.0
 26.75 0.0
 26.8 0.0
 26.85 0.0
 26.9 0.0
 26.95 0.0
 27.0 0.0
 27.05 0.0
 27.1 0.0
 27.15 0.0
 27.2 0.0
 27.25 0.0
 27.3 0.0
 27.35 0.0
 27.4 0.0
 27.45 0.0
 27.5 0.0
 27.55 0.0
 27.6 0.0
 27.65 0.0
 27.7 0.0
 27.75 0.0
 27.8 0.0
 27.85 0.0
 27.9 0.0
 27.95 0.0
 28.0 0.0
 28.05 0.0
 28.1 0.0
 28.15 0.0
 28.2 0.0
 28.25 0.0
 28.3 0.0
 28.35 0.0
 28.4 0.0
 28.45 0.0
 28.5 0.0
 28.55 0.0
 28.6 0.0
 28.65 0.0
 28.7 0.0
 28.75 0.0
 28.8 0.0
 28.85 0.0
 28.9 0.0
 28.95 0.0
 29.0 0.0
 29.05 0.0
 29.1 0.0
 29.15 0.0
 29.2 0.0
 29.25 0.0
 29.3 0.0
 29.35 0.0
 29.4 0.0
 29.45 0.0
 29.5 0.0
 29.55 0.0
 29.6 0.0
 29.65 0.0
 29.7 0.0
 29.75 0.0
 29.8 0.0
 29.85 0.0
 29.9 0.0
 29.95 0.0
 30.0 0.0
 30.05 0.0
 30.1 0.0
 30.15 0.0
 30.2 0.0
 30.25 0.0
 30.3 0.0
 30.35 0.0
 30.4 0.0
 30.45 0.0
 30.5 0.0
 30.55 0.0
 30.6 0.0
 30.65 0.0
 30.7 0.0
 30.75 0.0
 30.8 0.0
 30.85 0.0
 30.9 0.0
 30.95 0.0
 31.0 0.0
 31.05 0.0
 31.1 0.0
 31.15 0.0
 31.2 0.0
 31.25 0.0
 31.3 0.0
 31.35 0.0
 31.4 0.0
 31.45 0.0
 31.5 0.0
 31.55 0.0
 31.6 0.0
 31.65 0.0
 31.7 0.0
 31.75 0.0
 31.8 0.0
 31.85 0.0
 31.9 0.0
 31.95 0.0
 32.0 0.0
 32.05 0.0
 32.1 0.0
 32.15 0.0
 32.2 0.0
 32.25 0.0
 32.3 0.0
 32.35 0.0
 32.4 0.0
 32.45 0.0
 32.5 0.0
 32.55 0.0
 32.6 0.0
 32.65 0.0
 32.7 0.0
 32.75 0.0
 32.8 0.0
 32.85 0.0
 32.9 0.0
 32.95 0.0
 33.0 0.0
 33.05 0.0
 33.1 0.0
 33.15 0.0
 33.2 0.0
 33.25 0.0
 33.3 0.0
 33.35 0.0
 33.4 0.0
 33.45 0.0
 33.5 0.0
 33.55 0.0
 33.6 0.0
 33.65 0.0
 33.7 0.0
 33.75 0.0
 33.8 0.0
 33.85 0.0
 33.9 0.0
 33.95 0.0
 34.0 0.0
 34.05 0.0
 34.1 0.0
 34.15 0.0
 34.2 0.0
 34.25 0.0
 34.3 0.0
 34.35 0.0
 34.4 0.0
 34.45 0.0
 34.5 0.0
 34.55 0.0
 34.6 0.0
 34.65 0.0
 34.7 0.0
 34.75 0.0
 34.8 0.0
 34.85 0.0
 34.9 0.0
 34.95 0.0
 35.0 0.0
 35.05 0.0
 35.1 0.0
 35.15 0.0
 35.2 0.0
 35.25 0.0
 35.3 0.0
 35.35 0.0
 35.4 0.0
 35.45 0.0
 35.5 0.0
 35.55 0.0
 35.6 0.0
 35.65 0.0
 35.7 0.0
 35.75 0.0
 35.8 0.0
 35.85 0.0
 35.9 0.0
 35.95 0.0
 36.0 0.0
 36.05 0.0
 36.1 0.0
 36.15 0.0
 36.2 0.0
 36.25 0.0
 36.3 0.0
 36.35 0.0
 36.4 0.0
 36.45 0.0
 36.5 0.0
 36.55 0.0
 36.6 0.0
 36.65 0.0
 36.7 0.0
 36.75 0.0
 36.8 0.0
 36.85 0.0
 36.9 0.0
 36.95 0.0
 37.0 0.0
 37.05 0.0
 37.1 0.0
 37.15 0.0
 37.2 0.0
 37.25 0.0
 37.3 0.0
 37.35 0.0
 37.4 0.0
 37.45 0.0
 37.5 0.0
 37.55 0.0
 37.6 0.0
 37.65 0.0
 37.7 0.0
 37.75 0.0
 37.8 0.0
 37.85 0.0
 37.9 0.0
 37.95 0.0
 38.0 0.0
 38.05 0.0
 38.1 0.0
 38.15 0.0
 38.2 0.0
 38.25 0.0
 38.3 0.0
 38.35 0.0
 38.4 0.0
 38.45 0.0
 38.5 0.0
 38.55 0.0
 38.6 0.0
 38.65 0.0
 38.7 0.0
 38.75 0.0
 38.8 0.0
 38.85 0.0
 38.9 0.0
 38.95 0.0
 39.0 0.0
 39.05 0.0
 39.1 0.0
 39.15 0.0
 39.2 0.0
 39.25 0.0
 39.3 0.0
 39.35 0.0
 39.4 0.0
 39.45 0.0
 39.5 0.0
 39.55 0.0
 39.6 0.0
 39.65 0.0
 39.7 0.0
 39.75 0.0
 39.8 0.0
 39.85 0.0
 39.9 0.0
 39.95 7.118827E-6
 40.0 2.9540233E-5
 40.05 9.992733E-5
 40.1 3.21043E-4
 40.15 0.0010170598
 40.2 0.0032057131
 40.25 0.010155432
 40.3 0.032201905
 40.35 0.03347697
 40.4 0.034829285
 40.45 0.036265217
 40.5 0.037791803
 40.55 0.039416835
 40.6 0.041148968
 40.65 0.04299782
 40.7 0.044974115
 40.75 0.04708984
 40.8 0.049358424
 40.85 0.051794954
 40.9 0.054416418
 40.95 0.057242017
 41.0 0.060293503
 41.05 0.06359561
 41.1 0.067176536
 41.15 0.07106858
 41.2 0.075308844
 41.25 0.079940125
 41.3 0.08501202
 41.35 0.090582214
 41.4 0.09671817
 41.45 0.103499174
 41.5 0.111018874
 41.55 0.11938855
 41.6 0.12874126
 41.65 0.13923717
 41.7 0.15112469
 41.75 0.16471183
 41.8 0.18057743
 41.85 0.20003115
 41.9 0.2266624
 41.95 0.27145094
 42.0 0.3697569
 42.05 0.4061271
 42.1 0.4489837
 42.15 0.50006217
 42.2 0.56173265
 42.25 0.6373022
 42.3 0.73150206
 42.35 0.8513044
 42.4 1.0073918
 42.45 1.2170542
 42.5 1.5103161
 42.55 1.943177
 42.6 2.6262627
 42.65 3.790195
 42.7 5.940998
 42.75 10.075155
 42.8 17.475346
 42.85 27.893543
 42.9 35.642998
 42.95 30.572948
 43.0 18.313105
 43.05 9.753452
 43.1 5.5054317
 43.15 3.5858254
 43.2 2.6264284
 43.25 2.0655243
 43.3 1.7064786
 43.35 1.4677354
 43.4 1.3070742
 43.45 1.2002283
 43.5 1.1326282
 43.55 1.0953717
 43.6 1.0830874
 43.65 1.0927666
 43.7 1.123129
 43.75 1.1743122
 43.8 1.2477814
 43.85 1.3464243
 43.9 1.4748406
 43.95 1.6398793
 44.0 1.8515465
 44.05 2.1245112
 44.1 2.4806623
 44.15 2.9536955
 44.2 3.5980525
 44.25 4.5076027
 44.3 5.8563805
 44.35 7.9902163
 44.4 11.644281
 44.45 18.4502
 44.5 31.612394
 44.55 55.18054
 44.6 88.261635
 44.65 112.89105
 44.7 97.445076
 44.75 58.93076
 44.8 31.327291
 44.85 17.279917
 44.9 10.820983
 44.95 7.567637
 45.0 5.6396112
 45.05 4.3690414
 45.1 3.4829888
 45.15 2.8410373
 45.2 2.36156
 45.25 1.9942347
 45.3 1.7067143
 45.35 1.4774702
 45.4 1.2916915
 45.45 1.1387702
 45.5 1.0103875
 45.55 0.8979425
 45.6 0.7859041
 45.65 0.70961815
 45.7 0.6439074
 45.75 0.5869066
 45.8 0.53714365
 45.85 0.49344456
 45.9 0.45486367
 45.95 0.4206326
 46.0 0.39012182
 46.05 0.36281157
 46.1 0.3382697
 46.15 0.31613457
 46.2 0.2961017
 46.25 0.2779132
 46.3 0.2613496
 46.35 0.246223
 46.4 0.23237202
 46.45 0.21965718
 46.5 0.2079576
 46.55 0.19716804
 46.6 0.18719658
 46.65 0.17796256
 46.7 0.16939506
 46.75 0.16143145
 46.8 0.1540201
 46.85 0.14711855
 46.9 0.14071225
 46.95 0.13487275
 47.0 0.12998505
 47.05 0.12761572
 47.1 0.13380949
 47.15 0.1295733
 47.2 0.12540014
 47.25 0.12059652
 47.3 0.11256425
 47.35 0.09138661
 47.4 0.018968953
 47.45 0.019730806
 47.5 0.020539483
 47.55 0.0213989
 47.6 0.02231339
 47.65 0.023287758
 47.7 0.02432735
 47.75 0.025438115
 47.8 0.0266267
 47.85 0.027900541
 47.9 0.029267995
 47.95 0.030738456
 48.0 0.03232253
 48.05 0.034032222
 48.1 0.035881173
 48.15 0.037884913
 48.2 0.040061213
 48.25 0.042430453
 48.3 0.045016117
 48.35 0.047845375
 48.4 0.050949793
 48.45 0.054366212
 48.5 0.058137853
 48.55 0.06231568
 48.6 0.066960126
 48.65 0.072143294
 48.7 0.07795173
 48.75 0.08447912
 48.8 0.09187329
 48.85 0.10028104
 48.9 0.109896176
 48.95 0.12096106
 49.0 0.13378195
 49.05 0.14875028
 49.1 0.16637276
 49.15 0.18731444
 49.2 0.21246202
 49.25 0.24301834
 49.3 0.28064767
 49.35 0.32770467
 49.4 0.38760847
 49.45 0.46548218
 49.5 0.569332
 49.55 0.7124524
 49.6 0.91885686
 49.65 1.2366242
 49.7 1.7715963
 49.75 2.7622976
 49.8 4.683873
 49.85 8.168124
 49.9 13.258816
 49.95 17.744703
 50.0 16.805761
 50.05 11.1144
 50.1 6.204793
 50.15 3.4155462
 50.2 2.0659819
 50.25 1.4049331
 50.3 1.0326451
 50.35 0.793675
 50.4 0.62869257
 50.45 0.50985914
 50.5 0.42154095
 50.55 0.3541878
 50.6 0.30169114
 50.65 0.2600037
 50.7 0.2263619
 50.75 0.19882855
 50.8 0.17601429
 50.85 0.15690224
 50.9 0.14073464
 50.95 0.1269377
 51.0 0.11507052
 51.05 0.10478998
 51.1 0.09582583
 51.15 0.08796287
 51.2 0.081028126
 51.25 0.07488123
 51.3 0.06940735
 51.35 0.06451182
 51.4 0.060116015
 51.45 0.05615424
 51.5 0.052571226
 51.55 0.049320236
 51.6 0.046361502
 51.65 0.043661043
 51.7 0.041189678
 51.75 0.038922217
 51.8 0.036836844
 51.85 0.034914587
 51.9 0.03313888
 51.95 0.031495195
 52.0 0.029970776
 52.05 0.02855436
 52.1 0.027235985
 52.15 0.02600681
 52.2 0.02485897
 52.25 0.02378545
 52.3 0.022779968
 52.35 0.021836897
 52.4 0.020951182
 52.45 0.020118259
 52.5 0.019334022
 52.55 0.018594747
 52.6 0.017897066
 52.65 0.017231248
 52.7 0.016578773
 52.75 0.015860528
 52.8 0.014734726
 52.85 0.011690307
 52.9 0.0
 52.95 0.0
 53.0 0.0
 53.05 0.0
 53.1 0.0
 53.15 0.0
 53.2 0.0
 53.25 0.0
 53.3 0.0
 53.35 0.0
 53.4 0.0
 53.45 0.0
 53.5 0.0
 53.55 0.0
 53.6 0.0
 53.65 0.0
 53.7 0.0
 53.75 0.0
 53.8 0.0
 53.85 0.0
 53.9 0.0
 53.95 0.0
 54.0 0.0
 54.05 0.0
 54.1 0.0
 54.15 0.0
 54.2 0.0
 54.25 0.0
 54.3 0.0
 54.35 0.0
 54.4 0.0
 54.45 0.0
 54.5 0.0
 54.55 0.0
 54.6 0.0
 54.65 0.0
 54.7 0.0
 54.75 0.0
 54.8 0.0
 54.85 0.0
 54.9 0.0
 54.95 0.0
 55.0 0.0
 55.05 0.0
 55.1 0.0
 55.15 0.0
 55.2 0.0
 55.25 0.0
 55.3 0.0
 55.35 0.0
 55.4 0.0
 55.45 0.0
 55.5 0.0
 55.55 0.0
 55.6 0.0
 55.65 0.0
 55.7 0.0
 55.75 0.0
 55.8 0.0
 55.85 0.0
 55.9 0.0
 55.95 0.0
 56.0 0.0
 56.05 0.0
 56.1 0.0
 56.15 0.0
 56.2 0.0
 56.25 0.0
 56.3 0.0
 56.35 0.0
 56.4 0.0
 56.45 0.0
 56.5 0.0
 56.55 0.0
 56.6 0.0
 56.65 0.0
 56.7 0.0
 56.75 0.0
 56.8 0.0
 56.85 0.0
 56.9 0.0
 56.95 0.0
 57.0 0.0
 57.05 0.0
 57.1 0.0
 57.15 0.0
 57.2 0.0
 57.25 0.0
 57.3 0.0
 57.35 0.0
 57.4 0.0
 57.45 0.0
 57.5 0.0
 57.55 0.0
 57.6 0.0
 57.65 0.0
 57.7 0.0
 57.75 0.0
 57.8 0.0
 57.85 0.0
 57.9 0.0
 57.95 0.0
 58.0 0.0
 58.05 0.0
 58.1 0.0
 58.15 0.0
 58.2 0.0
 58.25 0.0
 58.3 0.0
 58.35 0.0
 58.4 0.0
 58.45 0.0
 58.5 0.0
 58.55 0.0
 58.6 0.0
 58.65 0.0
 58.7 0.0
 58.75 0.0
 58.8 0.0
 58.85 0.0
 58.9 0.0
 58.95 0.0
 59.0 0.0
 59.05 0.0
 59.1 0.0
 59.15 0.0
 59.2 0.0
 59.25 0.0
 59.3 0.0
 59.35 0.0
 59.4 0.0
 59.45 0.0
 59.5 0.0
 59.55 0.0
 59.6 0.0
 59.65 0.0
 59.7 0.0
 59.75 0.0
 59.8 0.0
 59.85 0.0
 59.9 0.0
 59.95 0.0
 60.0 0.0
 60.05 0.0
 60.1 0.0
 60.15 0.0
 60.2 0.0
 60.25 0.0
 60.3 0.0
 60.35 0.0
 60.4 0.0
 60.45 0.0
 60.5 0.0
 60.55 0.0
 60.6 0.0
 60.65 0.0
 60.7 0.0
 60.75 0.0
 60.8 0.0
 60.85 0.0
 60.9 0.0
 60.95 0.0
 61.0 0.0
 61.05 0.0
 61.1 0.0
 61.15 0.0
 61.2 0.0
 61.25 0.0
 61.3 0.0
 61.35 1.3341519E-5
 61.4 8.800724E-5
 61.45 5.057119E-4
 61.5 0.0028336488
 61.55 0.015999181
 61.6 0.09020927
 61.65 0.092913
 61.7 0.095740095
 61.75 0.09869817
 61.8 0.101795435
 61.85 0.10504075
 61.9 0.10844372
 61.95 0.1120147
 62.0 0.11576495
 62.05 0.11970666
 62.1 0.123853065
 62.15 0.1282186
 62.2 0.13281898
 62.25 0.13767134
 62.3 0.1427944
 62.35 0.1482087
 62.4 0.15393668
 62.45 0.16000308
 62.5 0.16643505
 62.55 0.17326255
 62.6 0.18051867
 62.65 0.18824004
 62.7 0.19646725
 62.75 0.20524545
 62.8 0.2146249
 62.85 0.22466177
 62.9 0.2354189
 62.95 0.24696684
 63.0 0.25938493
 63.05 0.27276284
 63.1 0.2872019
 63.15 0.30281729
 63.2 0.31974018
 63.25 0.33812052
 63.3 0.35813046
 63.35 0.3799681
 63.4 0.4038627
 63.45 0.4300806
 63.5 0.45893243
 63.55 0.4907826
 63.6 0.5260605
 63.65 0.56527525
 63.7 0.6090338
 63.75 0.6580645
 63.8 0.7132472
 63.85 0.77565265
 63.9 0.8465947
 63.95 0.9276986
 64.0 1.0209942
 64.05 1.1290425
 64.1 1.2551107
 64.15 1.4034178
 64.2 1.5794859
 64.25 1.7906512
 64.3 2.0468223
 64.35 2.3616333
 64.4 2.7542403
 64.45 3.2522225
 64.5 3.8965275
 64.55 4.750815
 64.6 5.9222994
 64.65 7.6160955
 64.7 10.278958
 64.75 14.912529
 64.8 23.492075
 64.85 38.91097
 64.9 63.282177
 64.95 93.41347
 65.0 113.91285
 65.05 104.32647
 65.1 73.96891
 65.15 45.799587
 65.2 27.200418
 65.25 16.76537
 65.3 11.265818
 65.35 8.226271
 65.4 6.3450394
 65.45 5.0597987
 65.5 4.1287274
 65.55 3.4305348
 65.6 2.893852
 65.65 2.472848
 65.7 2.1367743
 65.75 1.8643883
 65.8 1.640654
 65.85 1.4546999
 65.9 1.2985147
 65.95 1.1660941
 66.0 1.0528687
 66.05 0.95531297
 66.1 0.8706722
 66.15 0.7967701
 66.2 0.7318687
 66.25 0.6745671
 66.3 0.62372607
 66.35 0.57841176
 66.4 0.53785264
 66.45 0.5014072
 66.5 0.4685383
 66.55 0.43879357
 66.6 0.4117898
 66.65 0.38720077
 66.7 0.36474735
 66.75 0.34418944
 66.8 0.32531983
 66.85 0.30795872
 66.9 0.29194975
 66.95 0.27715617
 67.0 0.26345813
 67.05 0.25075015
 67.1 0.23893912
 67.15 0.2279427
 67.2 0.2176877
 67.25 0.20810896
 67.3 0.19914837
 67.35 0.19075389
 67.4 0.18287885
 67.45 0.1754813
 67.5 0.16852343
 67.55 0.16197106
 67.6 0.15579332
 67.65 0.14996222
 67.7 0.14445227
 67.75 0.13924038
 67.8 0.1343054
 67.85 0.12962809
 67.9 0.12519081
 67.95 0.12097745
 68.0 0.116973154
 68.05 0.11316436
 68.1 0.10953853
 68.15 0.106084146
 68.2 0.10279056
 68.25 0.099647954
 68.3 0.09661275
 68.35 0.09351319
 68.4 0.08919496
 68.45 0.075835355
 68.5 0.0
 68.55 0.0
 68.6 0.0
 68.65 0.0
 68.7 0.0
 68.75 0.0
 68.8 0.0
 68.85 0.0
 68.9 0.0
 68.95 0.0
 69.0 0.0
 69.05 0.0
 69.1 0.0
 69.15 0.0
 69.2 0.0
 69.25 0.0
 69.3 0.0
 69.35 1.1105119E-5
 69.4 8.878833E-5
 69.45 6.3245406E-4
 69.5 0.004446757
 69.55 0.031282146
 69.6 0.03211766
 69.65 0.03298709
 69.7 0.033892293
 69.75 0.03483526
 69.8 0.035818122
 69.85 0.03684315
 69.9 0.03791281
 69.95 0.03902971
 70.0 0.040196683
 70.05 0.04141676
 70.1 0.04269322
 70.15 0.04402958
 70.2 0.04542965
 70.25 0.04689754
 70.3 0.04843771
 70.35 0.050054975
 70.4 0.051754553
 70.45 0.053542145
 70.5 0.05542391
 70.55 0.057406593
 70.6 0.059497528
 70.65 0.061704736
 70.7 0.064036995
 70.75 0.06650393
 70.8 0.0691161
 70.85 0.071885124
 70.9 0.07482382
 70.95 0.0779463
 71.0 0.08126821
 71.05 0.084806904
 71.1 0.08858163
 71.15 0.09261382
 71.2 0.096927434
 71.25 0.10154923
 71.3 0.10650926
 71.35 0.1118413
 71.4 0.117583446
 71.45 0.12377882
 71.5 0.13047631
 71.55 0.13773161
 71.6 0.14560832
 71.65 0.15417936
 71.7 0.16352864
 71.75 0.17375311
 71.8 0.1849653
 71.85 0.19729634
 71.9 0.21089984
 71.95 0.22595665
 72.0 0.24268077
 72.05 0.26132703
 72.1 0.28220072
 72.15 0.30566996
 72.2 0.33218187
 72.25 0.36228377
 72.3 0.39665127
 72.35 0.43612576
 72.4 0.4817656
 72.45 0.5349164
 72.5 0.59730905
 72.55 0.6711992
 72.6 0.7595681
 72.65 0.8664189
 72.7 0.9972215
 72.75 1.1596023
 72.8 1.3644551
 72.85 1.6278976
 72.9 1.9752839
 72.95 2.451001
 73.0 3.1438491
 73.05 4.2453547
 73.1 6.1481657
 73.15 9.525212
 73.2 15.212282
 73.25 23.659477
 73.3 33.729313
 73.35 40.94183
 73.4 39.232098
 73.45 30.014187
 73.5 20.027937
 73.55 12.558395
 73.6 7.866382
 73.65 5.193759
 73.7 3.7006028
 73.75 2.8134153
 73.8 2.231928
 73.85 1.818937
 73.9 1.5109217
 73.95 1.2742951
 74.0 1.0886158
 74.05 0.94036084
 74.1 0.82019544
 74.15 0.7215021
 74.2 0.6394891
 74.25 0.5706219
 74.3 0.5122495
 74.35 0.46235356
 74.4 0.41937616
 74.45 0.3821002
 74.5 0.34956375
 74.55 0.3209989
 74.6 0.29578665
 74.65 0.27342367
 74.7 0.25349742
 74.75 0.23566721
 74.8 0.21964976
 74.85 0.20520793
 74.9 0.19214207
 74.95 0.18028313
 75.0 0.16948716
 75.05 0.15963103
 75.1 0.15060894
 75.15 0.14232948
 75.2 0.13471347
 75.25 0.12769198
 75.3 0.12120474
 75.35 0.115199
 75.4 0.109628305
 75.45 0.10445167
 75.5 0.09963284
 75.55 0.09513961
 75.6 0.090943314
 75.65 0.08701839
 75.7 0.08334194
 75.75 0.07989346
 75.8 0.0766545
 75.85 0.07360842
 75.9 0.07074023
 75.95 0.06803635
 76.0 0.06548447
 76.05 0.06307342
 76.1 0.060793027
 76.15 0.058634024
 76.2 0.05658796
 76.25 0.054647088
 76.3 0.05280433
 76.35 0.051053174
 76.4 0.049387664
 76.45 0.047802303
 76.5 0.04629203
 76.55 0.044852182
 76.6 0.043478448
 76.65 0.042166844
 76.7 0.040913686
 76.75 0.039715543
 76.8 0.03856925
 76.85 0.037471857
 76.9 0.036420625
 76.95 0.035412997
 77.0 0.0344466
 77.05 0.03351465
 77.1 0.032584563
 77.15 0.031382646
 77.2 0.027521677
 77.25 0.0
 77.3 0.0
 77.35 0.0
 77.4 0.0
 77.45 0.0
 77.5 0.0
 77.55 0.0
 77.6 0.0
 77.65 0.0
 77.7 0.0
 77.75 0.0
 77.8 0.0
 77.85 1.229382E-5
 77.9 1.2226154E-4
 77.95 0.0011072815
 78.0 0.009955235
 78.05 0.08966848
 78.1 0.09180253
 78.15 0.09401366
 78.2 0.09630561
 78.25 0.09868237
 78.3 0.10114818
 78.35 0.103707545
 78.4 0.10636525
 78.45 0.1091264
 78.5 0.11199642
 78.55 0.11498112
 78.6 0.118086696
 78.65 0.12131974
 78.7 0.12468734
 78.75 0.12819704
 78.8 0.13185698
 78.85 0.13567582
 78.9 0.1396629
 78.95 0.14382827
 79.0 0.14818268
 79.05 0.15273772
 79.1 0.15750594
 79.15 0.16250086
 79.2 0.16773702
 79.25 0.17323022
 79.3 0.17899755
 79.35 0.18505755
 79.4 0.19143036
 79.45 0.19813782
 79.5 0.20520382
 79.55 0.21265431
 79.6 0.22051768
 79.65 0.22882499
 79.7 0.23761027
 79.75 0.24691086
 79.8 0.2567678
 79.85 0.26722637
 79.9 0.27833647
 79.95 0.29015324
 80.0 0.30273786
 80.05 0.3161583
 80.1 0.33049008
 80.15 0.3458175
 80.2 0.36223486
 80.25 0.37984782
 80.3 0.3987752
 80.35 0.41915083
 80.4 0.44112605
 80.45 0.46487245
 80.5 0.49058533
 80.55 0.51848733
 80.6 0.54883367
 80.65 0.58191776
 80.7 0.6180782
 80.75 0.6577075
 80.8 0.70126253
 80.85 0.749278
 80.9 0.80238205
 80.95 0.8613174
 81.0 0.9269668
 81.05 1.0003855
 81.1 1.0828439
 81.15 1.1758817
 81.2 1.2813786
 81.25 1.401649
 81.3 1.5395664
 81.35 1.6987337
 81.4 1.8837136
 81.45 2.1003504
 81.5 2.3560803
 81.55 2.6611173
 81.6 3.028628
 81.65 3.4766378
 81.7 4.0301166
 81.75 4.7247396
 81.8 5.61433
 81.85 6.7881417
 81.9 8.413101
 81.95 10.827561
 82.0 14.70584
 82.05 21.241714
 82.1 32.148468
 82.15 49.153633
 82.2 72.70488
 82.25 99.535
 82.3 119.34707
 82.35 118.364944
 82.4 97.04033
 82.45 69.845345
 82.5 46.770966
 82.55 30.469725
 82.6 20.172094
 82.65 14.05905
 82.7 10.43602
 82.75 8.163661
 82.8 6.6170316
 82.85 5.4890723
 82.9 4.6289277
 82.95 3.954765
 83.0 3.41623
 83.05 2.979466
 83.1 2.6205904
 83.15 2.322292
 83.2 2.0717764
 83.25 1.8594313
 83.3 1.6779289
 83.35 1.5216082
 83.4 1.3860426
 83.45 1.267732
 83.5 1.1638808
 83.55 1.0722352
 83.6 0.9909621
 83.65 0.9185588
 83.7 0.8537843
 83.75 0.7956067
 83.8 0.74316216
 83.85 0.69572353
 83.9 0.6526749
 83.95 0.6134923
 84.0 0.5777272
 84.05 0.5449943
 84.1 0.51496094
 84.15 0.48734763
 84.2 0.46198118
 84.25 0.439498
 84.3 0.42904967
 84.35 0.40913108
 84.4 0.39065257
 84.45 0.37348264
 84.5 0.3575047
 84.55 0.34261495
 84.6 0.32872087
 84.65 0.3157398
 84.7 0.30359772
 84.75 0.29222813
 84.8 0.2815713
 84.85 0.27157328
 84.9 0.26218545
 84.95 0.25336388
 85.0 0.2450687
 85.05 0.23726386
 85.1 0.22991656
 85.15 0.22299701
 85.2 0.21647812
 85.25 0.21033528
 85.3 0.20454597
 85.35 0.1990898
 85.4 0.19394812
 85.45 0.18910395
 85.5 0.18454188
 85.55 0.18024787
 85.6 0.17620921
 85.65 0.17241435
 85.7 0.16885293
 85.75 0.16551556
 85.8 0.1623939
 85.85 0.15948051
 85.9 0.1567689
 85.95 0.1542534
 86.0 0.15192915
 86.05 0.14979215
 86.1 0.14783919
 86.15 0.14606781
 86.2 0.1444764
 86.25 0.14306413
 86.3 0.14183103
 86.35 0.14077793
 86.4 0.1399066
 86.45 0.13921973
 86.5 0.13872102
 86.55 0.13836688
 86.6 0.13769528
 86.65 0.13116346
 86.7 0.05334434
 86.75 0.05579834
 86.8 0.058425356
 86.85 0.06124201
 86.9 0.06426697
 86.95 0.067521244
 87.0 0.071028575
 87.05 0.074815825
 87.1 0.07891352
 87.15 0.083356455
 87.2 0.08818442
 87.25 0.093443096
 87.3 0.09918513
 87.35 0.10547143
 87.4 0.11237278
 87.45 0.11997179
 87.5 0.1283654
 87.55 0.13766791
 87.6 0.14801478
 87.65 0.15956765
 87.7 0.17252043
 87.75 0.18710741
 87.8 0.20361368
 87.85 0.22238891
 87.9 0.2438655
 87.95 0.268583
 88.0 0.29722145
 88.05 0.33064684
 88.1 0.36997518
 88.15 0.4166629
 88.2 0.47263813
 88.25 0.54049706
 88.3 0.62381977
 88.35 0.7277449
 88.4 0.8601956
 88.45 1.0347545
 88.5 1.2772051
 88.55 1.6383754
 88.6 2.2134392
 88.65 3.1587493
 88.7 4.6833797
 88.75 6.9863935
 88.8 10.120009
 88.85 13.751525
 88.9 16.815819
 88.95 17.63081
 89.0 15.572581
 89.05 12.019382
 89.1 8.522829
 89.15 5.766056
 89.2 3.853748
 89.25 2.6366239
 89.3 1.8958942
 89.35 1.4420737
 89.4 1.1486292
 89.45 0.94436693
 89.5 0.7928944
 89.55 0.67572284
 89.6 0.582671
 89.65 0.5074453
 89.7 0.4457826
 89.75 0.39463854
 89.8 0.35177442
 89.85 0.31551242
 89.9 0.2845756
 89.95 0.2579794
 90.0 0.2349551
 90.05 0.21489604
 90.1 0.19731836
 90.15 0.18183266
 90.2 0.16812272
 90.25 0.1559297
 90.3 0.14504021
 90.35 0.135277
 90.4 0.12649195
 90.45 0.118560545
 90.5 0.1113775
 90.55 0.10485331
 90.6 0.09891155
 90.65 0.09348662
 90.7 0.088522
 90.75 0.08396877
 90.8 0.07978446
 90.85 0.075932026
 90.9 0.072379105
 90.95 0.06909728
 91.0 0.066061564
 91.05 0.063249916
 91.1 0.060642876
 91.15 0.058223177
 91.2 0.055975515
 91.25 0.053886276
 91.3 0.051943365
 91.35 0.050136004
 91.4 0.048454594
 91.45 0.0468906
 91.5 0.045436423
 91.55 0.044085328
 91.6 0.042831346
 91.65 0.04166923
 91.7 0.04059438
 91.75 0.039602816
 91.8 0.03869113
 91.85 0.03785646
 91.9 0.03709648
 91.95 0.036409374
 92.0 0.035793856
 92.05 0.035249136
 92.1 0.034774985
 92.15 0.03437172
 92.2 0.034040246
 92.25 0.033782125
 92.3 0.033599615
 92.35 0.033495758
 92.4 0.033474475
 92.45 0.033540715
 92.5 0.03370059
 92.55 0.033961575
 92.6 0.03433278
 92.65 0.034825236
 92.7 0.035452303
 92.75 0.036230184
 92.8 0.03717854
 92.85 0.03832132
 92.9 0.03968786
 92.95 0.041314244
 93.0 0.043245167
 93.05 0.0455364
 93.1 0.048258126
 93.15 0.051499482
 93.2 0.055374883
 93.25 0.0600329
 93.3 0.06566912
 93.35 0.072545715
 93.4 0.081024095
 93.45 0.09162801
 93.5 0.10517957
 93.55 0.12308825
 93.6 0.14762379
 93.65 0.17730297
 93.7 0.23645824
 93.75 0.3315024
 93.8 0.48092487
 93.85 0.7020211
 93.9 1.0003216
 93.95 1.352285
 94.0 1.6789763
 94.05 1.8388432
 94.1 1.7302527
 94.15 1.4225762
 94.2 1.0653123
 94.25 0.7528331
 94.3 0.51675385
 94.35 0.35510996
 94.4 0.2516537
 94.45 0.18741721
 94.5 0.14694954
 94.55 0.12007248
 94.6 0.10098291
 94.65 0.08662867
 94.7 0.0754111
 94.75 0.06643128
 94.8 0.05912723
 94.85 0.053114954
 94.9 0.048117314
 94.95 0.04392814
 95.0 0.040391136
 95.05 0.03738614
 95.1 0.03481963
 95.15 0.032618016
 95.2 0.030722827
 95.25 0.029087191
 95.3 0.027673217
 95.35 0.026450051
 95.4 0.025392419
 95.45 0.02447948
 95.5 0.023693979
 95.55 0.023021562
 95.6 0.022450255
 95.65 0.021970052
 95.7 0.021572577
 95.75 0.021250827
 95.8 0.02099896
 95.85 0.020812124
 95.9 0.020686328
 95.95 0.020618323
 96.0 0.020605516
 96.05 0.020645903
 96.1 0.020738013
 96.15 0.020880861
 96.2 0.02107392
 96.25 0.02131709
 96.3 0.021610701
 96.35 0.021955479
 96.4 0.022352569
 96.45 0.022803536
 96.5 0.023310373
 96.55 0.023875533
 96.6 0.024501944
 96.65 0.025193065
 96.7 0.02595292
 96.75 0.026786156
 96.8 0.02769812
 96.85 0.02869494
 96.9 0.029783618
 96.95 0.030972157
 97.0 0.0322697
 97.05 0.033686705
 97.1 0.035235137
 97.15 0.03692871
 97.2 0.038783208
 97.25 0.040816806
 97.3 0.04305052
 97.35 0.045508713
 97.4 0.04821976
 97.45 0.051216837
 97.5 0.05453889
 97.55 0.058231868
 97.6 0.062350273
 97.65 0.0669591
 97.7 0.07213634
 97.75 0.077976175
 97.8 0.08459312
 97.85 0.092127465
 97.9 0.10075252
 97.95 0.11068417
 98.0 0.12219397
 98.05 0.13562699
 98.1 0.15142682
 98.15 0.17017172
 98.2 0.1926303
 98.25 0.21985735
 98.3 0.2533833
 98.35 0.2956249
 98.4 0.350776
 98.45 0.42657685
 98.5 0.53729093
 98.55 0.70753443
 98.6 0.9750221
 98.65 1.3883977
 98.7 1.9958805
 98.75 2.8225503
 98.8 3.8348515
 98.85 4.885728
 98.9 5.6596675
 98.95 5.7775865
 99.0 5.164899
 99.05 4.1498303
 99.1 3.100584
 99.15 2.2107744
 99.2 1.539642
 99.25 1.0742921
 99.3 0.77005446
 99.35 0.57648563
 99.4 0.4519559
 99.45 0.3681258
 99.5 0.30813488
 99.55 0.26274773
 99.6 0.2270076
 99.65 0.19812591
 99.7 0.17438334
 99.75 0.15461801
 99.8 0.13799301
 99.85 0.12388281
 99.9 0.11180963
 99.95 0.1014031
 100.0 0.09237262
 100.05 0.084487736
 100.1 0.077563964
 100.15 0.071452245
 100.2 0.06603115
 100.25 0.061200995
 100.3 0.05687936
 100.35 0.052997645
 100.4 0.04949837
 100.45 0.046333116
 100.5 0.04346085
 100.55 0.040846635
 100.6 0.038460564
 100.65 0.036276937
 100.7 0.03427355
 100.75 0.032431163
 100.8 0.030733025
 100.85 0.029164497
 100.9 0.027712751
 100.95 0.026366504
 101.0 0.025115803
 101.05 0.02395183
 101.1 0.022866769
 101.15 0.021853657
 101.2 0.020906286
 101.25 0.020019095
 101.3 0.019187104
 101.35 0.018405834
 101.4 0.01767125
 101.45 0.016979713
 101.5 0.016327929
 101.55 0.015712911
 101.6 0.01513195
 101.65 0.014582582
 101.7 0.014062557
 101.75 0.013569826
 101.8 0.013102515
 101.85 0.012658905
 101.9 0.012237424
 101.95 0.011836625
 102.0 0.011455177
 102.05 0.011091856
 102.1 0.010745534
 102.15 0.010415166
 102.2 0.010099787
 102.25 0.009798507
 102.3 0.0095104985
 102.35 0.009234993
 102.4 0.008971278
 102.45 0.00871869
 102.5 0.008476613
 102.55 0.008244473
 102.6 0.008021731
 102.65 0.0078078904
 102.7 0.0076024816
 102.75 0.007405068
 102.8 0.007215239
 102.85 0.0070326133
 102.9 0.006856829
 102.95 0.006687551
 103.0 0.0065244604
 103.05 0.0063672606
 103.1 0.006215671
 103.15 0.0060694283
 103.2 0.005928284
 103.25 0.0057920036
 103.3 0.0056603667
 103.35 0.0055331644
 103.4 0.0054102005
 103.45 0.005291288
 103.5 0.0051762518
 103.55 0.0050649242
 103.6 0.004957149
 103.65 0.004852775
 103.7 0.0047516627
 103.75 0.004653676
 103.8 0.004558688
 103.85 0.0044665774
 103.9 0.00437723
 103.95 0.0042905356
 104.0 0.0042063906
 104.05 0.0041246954
 104.1 0.004045357
 104.15 0.0039679557
 104.2 0.003885807
 104.25 0.0036521305
 104.3 0.0
 104.35 0.0
 104.4 0.0
 104.45 0.0
 104.5 0.0
 104.55 0.0
 104.6 0.0
 104.65 0.0
 104.7 0.0
 104.75 0.0
 104.8 0.0
 104.85 0.0
 104.9 0.0
 104.95 0.0
 105.0 0.0
 105.05 0.0
 105.1 0.0
 105.15 0.0
 105.2 0.0
 105.25 0.0
 105.3 0.0
 105.35 0.0
 105.4 0.0
 105.45 0.0
 105.5 0.0
 105.55 0.0
 105.6 0.0
 105.65 0.0
 105.7 0.0
 105.75 0.0
 105.8 0.0
 105.85 0.0
 105.9 0.0
 105.95 0.0
 106.0 0.0
 106.05 0.0
 106.1 0.0
 106.15 0.0
 106.2 0.0
 106.25 0.0
 106.3 0.0
 106.35 0.0
 106.4 0.0
 106.45 0.0
 106.5 0.0
 106.55 0.0
 106.6 0.0
 106.65 0.0
 106.7 0.0
 106.75 0.0
 106.8 0.0
 106.85 0.0
 106.9 0.0
 106.95 0.0
 107.0 0.0
 107.05 0.0
 107.1 0.0
 107.15 0.0
 107.2 0.0
 107.25 0.0
 107.3 0.0
 107.35 0.0
 107.4 0.0
 107.45 0.0
 107.5 0.0
 107.55 0.0
 107.6 0.0
 107.65 0.0
 107.7 0.0
 107.75 0.0
 107.8 0.0
 107.85 0.0
 107.9 0.0
 107.95 0.0
 108.0 0.0
 108.05 0.0
 108.1 0.0
 108.15 0.0
 108.2 0.0
 108.25 0.0
 108.3 0.0
 108.35 0.0
 108.4 0.0
 108.45 3.2181042E-8
 108.5 8.8579833E-7
 108.55 2.3624309E-5
 108.6 6.3202716E-4
 108.65 6.4152776E-4
 108.7 6.512442E-4
 108.75 6.6118286E-4
 108.8 6.7135075E-4
 108.85 6.817549E-4
 108.9 6.924027E-4
 108.95 7.0330186E-4
 109.0 7.144603E-4
 109.05 7.2588626E-4
 109.1 7.375883E-4
 109.15 7.495756E-4
 109.2 7.6185743E-4
 109.25 7.744434E-4
 109.3 7.873437E-4
 109.35 8.010116E-4
 109.4 8.267973E-4
 109.45 0.0011797611
 109.5 0.010640581
 109.55 0.010799311
 109.6 0.010961626
 109.65 0.011127636
 109.7 0.011297453
 109.75 0.011471196
 109.8 0.0116489865
 109.85 0.011830952
 109.9 0.012017224
 109.95 0.012207941
 110.0 0.012403245
 110.05 0.012603285
 110.1 0.012808214
 110.15 0.013018196
 110.2 0.013233399
 110.25 0.013453995
 110.3 0.013680168
 110.35 0.01391211
 110.4 0.014150017
 110.45 0.014394098
 110.5 0.014644566
 110.55 0.01490165
 110.6 0.015165585
 110.65 0.015436617
 110.7 0.015715003
 110.75 0.016001014
 110.8 0.016294934
 110.85 0.016597053
 110.9 0.016907685
 110.95 0.017227152
 111.0 0.017555796
 111.05 0.01789397
 111.1 0.01824205
 111.15 0.018600428
 111.2 0.018969519
 111.25 0.019349754
 111.3 0.01974159
 111.35 0.020145502
 111.4 0.020562
 111.45 0.020991614
 111.5 0.021434903
 111.55 0.021892456
 111.6 0.0223649
 111.65 0.022852888
 111.7 0.023357118
 111.75 0.023878321
 111.8 0.024417274
 111.85 0.0249748
 111.9 0.025551768
 111.95 0.026149102
 112.0 0.026767777
 112.05 0.027408835
 112.1 0.028073374
 112.15 0.028762572
 112.2 0.029477604
 112.25 0.030219933
 112.3 0.030990914
 112.35 0.03179205
 112.4 0.032624956
 112.45 0.03349136
 112.5 0.0343931
 112.55 0.03533215
 112.6 0.036310624
 112.65 0.037330806
 112.7 0.038395125
 112.75 0.03950621
 112.8 0.040666886
 112.85 0.0418802
 112.9 0.043149453
 112.95 0.044478197
 113.0 0.045870285
 113.05 0.047329903
 113.1 0.048861586
 113.15 0.05047027
 113.2 0.052161343
 113.25 0.05394068
 113.3 0.055814706
 113.35 0.05779047
 113.4 0.059875697
 113.45 0.062078908
 113.5 0.0644095
 113.55 0.06687786
 113.6 0.06949551
 113.65 0.072275266
 113.7 0.0752314
 113.75 0.07837993
 113.8 0.08173879
 113.85 0.085328214
 113.9 0.08917107
 113.95 0.09329334
 114.0 0.09772469
 114.05 0.102499135
 114.1 0.10765587
 114.15 0.11324034
 114.2 0.11930558
 114.25 0.12591392
 114.3 0.1331392
 114.35 0.14106977
 114.4 0.14981303
 114.45 0.15950236
 114.5 0.17030968
 114.55 0.18246838
 114.6 0.19631672
 114.65 0.21237536
 114.7 0.23147584
 114.75 0.25494805
 114.8 0.28484833
 114.85 0.32416016
 114.9 0.37683615
 114.95 0.44751152
 115.0 0.540748
 115.05 0.6597751
 115.1 0.80478615
 115.15 0.97072244
 115.2 1.1442127
 115.25 1.3004093
 115.3 1.4055594
 115.35 1.4341497
 115.4 1.3904048
 115.45 1.3054076
 115.5 1.2141894
 115.55 1.1417481
 115.6 1.1029075
 115.65 1.1065352
 115.7 1.1597513
 115.75 1.2721157
 115.8 1.4601587
 115.85 1.7518528
 115.9 2.189782
 115.95 2.8310356
 116.0 3.7415652
 116.05 4.9834466
 116.1 6.595065
 116.15 8.565155
 116.2 10.799205
 116.25 13.073539
 116.3 14.99222
 116.35 16.038832
 116.4 15.841051
 116.45 14.472197
 116.5 12.38688
 116.55 10.084351
 116.6 7.9071827
 116.65 6.03393
 116.7 4.5290246
 116.75 3.3848805
 116.8 2.5525358
 116.85 1.9655548
 116.9 1.5575639
 116.95 1.2725736
 117.0 1.0687048
 117.05 0.9173854
 117.1 0.80040616
 117.15 0.706641
 117.2 0.62936467
 117.25 0.5644144
 117.3 0.5090745
 117.35 0.4614552
 117.4 0.42016208
 117.45 0.3841221
 117.5 0.35248625
 117.55 0.32457128
 117.6 0.29982093
 117.65 0.27777833
 117.7 0.2580655
 117.75 0.24036767
 117.8 0.22442102
 117.85 0.2100033
 117.9 0.19692619
 117.95 0.1850293
 118.0 0.17417541
 118.05 0.16424657
 118.1 0.155141
 118.15 0.1467704
 118.2 0.13905805
 118.25 0.1319369
 118.3 0.12534818
 118.35 0.11924025
 118.4 0.11356754
 118.45 0.108289756
 118.5 0.10337114
 118.55 0.0987799
 118.6 0.094487645
 118.65 0.09046901
 118.7 0.08670127
 118.75 0.08316397
 118.8 0.07983872
 118.85 0.07670895
 118.9 0.073759615
 118.95 0.07097713
 119.0 0.06834915
 119.05 0.065864466
 119.1 0.06351284
 119.15 0.06128495
 119.2 0.059172265
 119.25 0.057166986
 119.3 0.05526195
 119.35 0.053450596
 119.4 0.051726878
 119.45 0.05008524
 119.5 0.048520543
 119.55 0.04702806
 119.6 0.045603417
 119.65 0.044242565
 119.7 0.042941745
 119.75 0.041697487
 119.8 0.040506553
 119.85 0.03936594
 119.9 0.038272854
 119.95 0.03722469
 120.0 0.03621902
 120.05 0.035253577
 120.1 0.034326244
 120.15 0.033435035
 120.2 0.03257811
 120.25 0.031753726
 120.3 0.030960256
 120.35 0.030196171
 120.4 0.02946004
 120.45 0.028750516
 120.5 0.028066333
 120.55 0.027406294
 120.6 0.02676928
 120.65 0.02615423
 120.7 0.025560144
 120.75 0.024986083
 120.8 0.024431156
 120.85 0.023894522
 120.9 0.023375385
 120.95 0.022872992
 121.0 0.02238663
 121.05 0.021915624
 121.1 0.021459337
 121.15 0.02101716
 121.2 0.020588515
 121.25 0.020172857
 121.3 0.019769669
 121.35 0.019378452
 121.4 0.018998738
 121.45 0.018630086
 121.5 0.01827206
 121.55 0.017924266
 121.6 0.01758631
 121.65 0.017257828
 121.7 0.016938468
 121.75 0.016627897
 121.8 0.016325792
 121.85 0.01603185
 121.9 0.01574578
 121.95 0.015467301
 122.0 0.015195939
 122.05 0.014920578
 122.1 0.014053995
 122.15 0.013812382
 122.2 0.0135769425
 122.25 0.01334747
 122.3 0.013123764
 122.35 0.012905632
 122.4 0.012692891
 122.45 0.012485365
 122.5 0.012282885
 122.55 0.012085288
 122.6 0.01189242
 122.65 0.01170413
 122.7 0.011520275
 122.75 0.011340715
 122.8 0.01116532
 122.85 0.010993961
 122.9 0.010826516
 122.95 0.010662864
 123.0 0.010502895
 123.05 0.010346497
 123.1 0.010193566
 123.15 0.010041134
 123.2 0.009729681
 123.25 0.0
 123.3 0.0
 123.35 0.0
 123.4 0.0
 123.45 0.0
 123.5 0.0
 123.55 0.0
 123.6 0.0
 123.65 0.0
 123.7 0.0
 123.75 0.0
 123.8 0.0
 123.85 0.0
 123.9 0.0
 123.95 0.0
 124.0 0.0
 124.05 0.0
 124.1 0.0
 124.15 0.0
 124.2 0.0
 124.25 0.0
 124.3 0.0
 124.35 1.2424882E-6
 124.4 7.867146E-5
 124.45 0.004935646
 124.5 0.004987364
 124.55 0.0050398996
 124.6 0.0050932686
 124.65 0.00514749
 124.7 0.0052025816
 124.75 0.0052585616
 124.8 0.00531545
 124.85 0.0053732656
 124.9 0.0054320297
 124.95 0.0054917634
 125.0 0.005552486
 125.05 0.005614222
 125.1 0.0056769927
 125.15 0.005740821
 125.2 0.005805732
 125.25 0.0058717495
 125.3 0.0059388992
 125.35 0.0060072066
 125.4 0.0060766987
 125.45 0.0061474037
 125.5 0.0062193484
 125.55 0.006292564
 125.6 0.006367079
 125.65 0.0064429245
 125.7 0.006520133
 125.75 0.0065987366
 125.8 0.0066787703
 125.85 0.0067602675
 125.9 0.006843265
 125.95 0.0069278
 126.0 0.00701391
 126.05 0.0071016345
 126.1 0.007191015
 126.15 0.0072820913
 126.2 0.007374909
 126.25 0.007469511
 126.3 0.007565945
 126.35 0.0076642567
 126.4 0.007764496
 126.45 0.007866714
 126.5 0.007970963
 126.55 0.0080772955
 126.6 0.008185769
 126.65 0.008296442
 126.7 0.0084093725
 126.75 0.008527494
 126.8 0.008855711
 126.85 0.024537249
 126.9 0.024814168
 126.95 0.025095949
 127.0 0.02538271
 127.05 0.02567458
 127.1 0.025971679
 127.15 0.026274137
 127.2 0.02658209
 127.25 0.026895678
 127.3 0.02721504
 127.35 0.027540326
 127.4 0.027871687
 127.45 0.028209284
 127.5 0.028553275
 127.55 0.028903836
 127.6 0.029261135
 127.65 0.029625356
 127.7 0.029996684
 127.75 0.030375311
 127.8 0.030761441
 127.85 0.031155279
 127.9 0.03155704
 127.95 0.031966947
 128.0 0.03238523
 128.05 0.032812126
 128.1 0.033247888
 128.15 0.03369277
 128.2 0.034147043
 128.25 0.03461098
 128.3 0.035084873
 128.35 0.03556902
 128.4 0.03606373
 128.45 0.036569335
 128.5 0.037086163
 128.55 0.037614565
 128.6 0.03815491
 128.65 0.038707577
 128.7 0.03927296
 128.75 0.03985147
 128.8 0.04044354
 128.85 0.04104962
 128.9 0.04167017
 128.95 0.042305686
 129.0 0.042956676
 129.05 0.04362367
 129.1 0.044307232
 129.15 0.045007937
 129.2 0.0457264
 129.25 0.046463255
 129.3 0.047219176
 129.35 0.047994856
 129.4 0.048791032
 129.45 0.04960848
 129.5 0.050448004
 129.55 0.05131045
 129.6 0.05219672
 129.65 0.053107742
 129.7 0.054044507
 129.75 0.055008058
 129.8 0.05599948
 129.85 0.057019938
 129.9 0.05807064
 129.95 0.059152875
 130.0 0.060268003
 130.05 0.061418008
 130.1 0.06265576
 130.15 0.06884214
 130.2 0.07014775
 130.25 0.071494885
 130.3 0.07288546
 130.35 0.07432152
 130.4 0.075805254
 130.45 0.07733896
 130.5 0.07892507
 130.55 0.08056624
 130.6 0.08226524
 130.65 0.08402507
 130.7 0.0858489
 130.75 0.08774014
 130.8 0.08970245
 130.85 0.09173974
 130.9 0.093856215
 130.95 0.096056394
 131.0 0.09834513
 131.05 0.100727655
 131.1 0.10320962
 131.15 0.105797134
 131.2 0.10849678
 131.25 0.1113157
 131.3 0.11426166
 131.35 0.11734306
 131.4 0.12056908
 131.45 0.1239497
 131.5 0.1274958
 131.55 0.13121931
 131.6 0.1351333
 131.65 0.13925207
 131.7 0.14359137
 131.75 0.1481686
 131.8 0.15300287
 131.85 0.15811539
 131.9 0.1635297
 131.95 0.16927187
 132.0 0.17537107
 132.05 0.18185975
 132.1 0.1887743
 132.15 0.19615562
 132.2 0.20404969
 132.25 0.21250845
 132.3 0.22159077
 132.35 0.23136348
 132.4 0.24190277
 132.45 0.25329584
 132.5 0.26564285
 132.55 0.27905938
 132.6 0.29367936
 132.65 0.30965915
 132.7 0.32718292
 132.75 0.3464702
 132.8 0.36778745
 132.85 0.3914658
 132.9 0.41792986
 132.95 0.44774354
 133.0 0.48168278
 133.05 0.52084726
 133.1 0.5668245
 133.15 0.621918
 133.2 0.68944275
 133.25 0.77407414
 133.3 0.88220894
 133.35 1.0222615
 133.4 1.2047799
 133.45 1.4422443
 133.5 1.7484072
 133.55 2.1370814
 133.6 2.6203582
 133.65 3.2063289
 133.7 3.8964267
 133.75 4.682427
 133.8 5.5429163
 133.85 6.4389067
 133.9 7.308953
 133.95 8.066909
 134.0 8.610007
 134.05 8.845065
 134.1 8.726502
 134.15 8.279463
 134.2 7.5867534
 134.25 6.751962
 134.3 5.8679113
 134.35 5.003597
 134.4 4.204322
 134.45 3.4963293
 134.5 2.8914523
 134.55 2.3908765
 134.6 1.9882674
 134.65 1.6725278
 134.7 1.4302028
 134.75 1.2474227
 134.8 1.1112914
 134.85 1.0107052
 134.9 0.9366808
 134.95 0.8823197
 135.0 0.84255433
 135.05 0.81379735
 135.1 0.7935845
 135.15 0.7802622
 135.2 0.77274036
 135.25 0.77031237
 135.3 0.7725316
 135.35 0.77913135
 135.4 0.7899753
 135.45 0.8050294
 135.5 0.8243458
 135.55 0.848057
 135.6 0.8763746
 135.65 0.90959466
 135.7 0.9481074
 135.75 0.9924148
 135.8 1.0431588
 135.85 1.1011665
 135.9 1.1675218
 135.95 1.243679
 136.0 1.3316364
 136.05 1.4341968
 136.1 1.5553399
 136.15 1.7007322
 136.2 1.8783811
 136.25 2.0994124
 136.3 2.3789039
 136.35 2.7366378
 136.4 3.1975741
 136.45 3.7917747
 136.5 4.5534964
 136.55 5.5192003
 136.6 6.7243443
 136.65 8.198984
 136.7 9.962379
 136.75 12.016854
 136.8 14.340976
 136.85 16.88167
 136.9 19.544615
 136.95 22.183207
 137.0 24.590881
 137.05 26.509998
 137.1 27.675514
 137.15 27.895674
 137.2 27.131205
 137.25 25.5136
 137.3 23.286709
 137.35 20.719452
 137.4 18.043835
 137.45 15.432642
 137.5 13.001986
 137.55 10.821877
 137.6 8.926681
 137.65 7.323687
 137.7 6.0003223
 137.75 4.9305806
 137.8 4.080773
 137.85 3.4143937
 137.9 2.8958757
 137.95 2.4931097
 138.0 2.178805
 138.05 1.9308987
 138.1 1.7322892
 138.15 1.5701786
 138.2 1.4352529
 138.25 1.3208677
 138.3 1.2223327
 138.35 1.1363385
 138.4 1.0605234
 138.45 0.9931667
 138.5 0.9329786
 138.55 0.8789614
 138.6 0.8303202
 138.65 0.78640515
 138.7 0.7466749
 138.75 0.7106716
 138.8 0.6780045
 138.85 0.64833766
 138.9 0.62138104
 138.95 0.5968834
 139.0 0.5746269
 139.05 0.55442214
 139.1 0.53610486
 139.15 0.5195324
 139.2 0.50458145
 139.25 0.4911457
 139.3 0.47913396
 139.35 0.46846896
 139.4 0.45908594
 139.45 0.45093176
 139.5 0.44396415
 139.55 0.43815112
 139.6 0.43347073
 139.65 0.42991072
 139.7 0.42746863
 139.75 0.42615193
 139.8 0.42597827
 139.85 0.42697632
 139.9 0.42918625
 139.95 0.43266118
 140.0 0.43746856
 140.05 0.44369245
 140.1 0.4514367
 140.15 0.46082926
 140.2 0.47202903
 140.25 0.48523563
 140.3 0.50070465
 140.35 0.5187694
 140.4 0.5398742
 140.45 0.5646207
 140.5 0.59383297
 140.55 0.62864476
 140.6 0.6706102
 140.65 0.72183824
 140.7 0.78514415
 140.75 0.8642036
 140.8 0.9636878
 140.85 1.0893466
 140.9 1.2479998
 140.95 1.4473928
 141.0 1.6958798
 141.05 2.0019045
 141.1 2.3732789
 141.15 2.8162751
 141.2 3.3345733
 141.25 3.9280994
 141.3 4.591761
 141.35 5.31402
 141.4 6.0752006
 141.45 6.845514
 141.5 7.583264
 141.55 8.234694
 141.6 8.7381115
 141.65 9.0346575
 141.7 9.084281
 141.75 8.879639
 141.8 8.448884
 141.85 7.845369
 141.9 7.131332
 141.95 6.364545
 142.0 5.591681
 142.05 4.8471193
 142.1 4.1543307
 142.15 3.5278819
 142.2 2.9752536
 142.25 2.4983633
 142.3 2.0948806
 142.35 1.7594315
 142.4 1.4846944
 142.45 1.262373
 142.5 1.083996
 142.55 0.9415175
 142.6 0.8277125
 142.65 0.73638684
 142.7 0.6624346
 142.75 0.60178626
 142.8 0.55129045
 142.85 0.50856376
 142.9 0.47183615
 142.95 0.43980843
 143.0 0.41153148
 143.05 0.3863099
 143.1 0.36362827
 143.15 0.34309766
 143.2 0.32441747
 143.25 0.3073495
 143.3 0.29170015
 143.35 0.27730858
 143.4 0.26403877
 143.45 0.25177395
 143.5 0.24041304
 143.55 0.22986756
 143.6 0.22005986
 143.65 0.21090898
 143.7 0.19749165
 143.75 0.18956648
 143.8 0.18214682
 143.85 0.17518972
 143.9 0.16865659
 143.95 0.16251287
 144.0 0.15672742
 144.05 0.15127218
 144.1 0.14612179
 144.15 0.14125326
 144.2 0.13664581
 144.25 0.13228047
 144.3 0.12814005
 144.35 0.12420881
 144.4 0.12047242
 144.45 0.11691773
 144.5 0.11353274
 144.55 0.11030639
 144.6 0.10722854
 144.65 0.10428986
 144.7 0.101481736
 144.75 0.09879624
 144.8 0.09622603
 144.85 0.09376431
 144.9 0.09140482
 144.95 0.08914169
 145.0 0.08696954
 145.05 0.08488332
 145.1 0.08287835
 145.15 0.080950275
 145.2 0.07909503
 145.25 0.07730881
 145.3 0.07558808
 145.35 0.0739295
 145.4 0.07232999
 145.45 0.07078663
 145.5 0.069296695
 145.55 0.06785762
 145.6 0.066467
 145.65 0.065122575
 145.7 0.063822225
 145.75 0.062563926
 145.8 0.06134581
 145.85 0.060166087
 145.9 0.05902308
 145.95 0.057915203
 146.0 0.05684095
 146.05 0.055798903
 146.1 0.05478773
 146.15 0.05380615
 146.2 0.052852955
 146.25 0.051927015
 146.3 0.05102724
 146.35 0.0501526
 146.4 0.049302116
 146.45 0.048474867
 146.5 0.047669962
 146.55 0.046886563
 146.6 0.046123873
 146.65 0.04538113
 146.7 0.044657603
 146.75 0.043952603
 146.8 0.043265466
 146.85 0.042595565
 146.9 0.041942302
 146.95 0.04130509
 147.0 0.040683396
 147.05 0.04007668
 147.1 0.03948444
 147.15 0.038906205
 147.2 0.038341507
 147.25 0.037789907
 147.3 0.03725098
 147.35 0.03672429
 147.4 0.036187336
 147.45 0.020017017
 147.5 0.019675748
 147.55 0.019343127
 147.6 0.019018853
 147.65 0.018702654
 147.7 0.018394267
 147.75 0.018093435
 147.8 0.017799914
 147.85 0.017513467
 147.9 0.017233873
 147.95 0.016960911
 148.0 0.016694376
 148.05 0.016434068
 148.1 0.016179793
 148.15 0.015931366
 148.2 0.015688611
 148.25 0.015451359
 148.3 0.01521944
 148.35 0.014992698
 148.4 0.014770981
 148.45 0.014554139
 148.5 0.014342035
 148.55 0.014134528
 148.6 0.013931487
 148.65 0.013732785
 148.7 0.013538301
 148.75 0.013347915
 148.8 0.013161512
 148.85 0.012978985
 148.9 0.012800224
 148.95 0.012625127
 149.0 0.012453596
 149.05 0.012285533
 149.1 0.012120848
 149.15 0.011959448
 149.2 0.011801248
 149.25 0.011646164
 149.3 0.011494114
 149.35 0.0113450205
 149.4 0.011198807
 149.45 0.011055399
 149.5 0.010914726
 149.55 0.010776719
 149.6 0.010641311
 149.65 0.010508438
 149.7 0.010378034
 149.75 0.010250042
 149.8 0.010124402
 149.85 0.010001056
 149.9 0.009879949
 149.95 0.009761026
 150.0 0.009644236
 150.05 0.009529529
 150.1 0.009416855
 150.15 0.009306165
 150.2 0.009197415
 150.25 0.009090559
 150.3 0.008985553
 150.35 0.008882354
 150.4 0.008780922
 150.45 0.008681217
 150.5 0.008583199
 150.55 0.008486831
 150.6 0.008392075
 150.65 0.008298897
 150.7 0.008207262
 150.75 0.008117134
 150.8 0.008028482
 150.85 0.007941275
 150.9 0.007855479
 150.95 0.0077710655
 151.0 0.007688004
 151.05 0.0076062675
 151.1 0.0075258263
 151.15 0.0074466537
 151.2 0.0073687234
 151.25 0.007292009
 151.3 0.007216486
 151.35 0.00714213
 151.4 0.007068916
 151.45 0.006996822
 151.5 0.0069258246
 151.55 0.0068559023
 151.6 0.0067870324
 151.65 0.006719195
 151.7 0.0066523687
 151.75 0.006586534
 151.8 0.006521671
 151.85 0.0064577614
 151.9 0.0063947863
 151.95 0.006332727
 152.0 0.0062715667
 152.05 0.006211288
 152.1 0.0061518736
 152.15 0.006093307
 152.2 0.0060355724
 152.25 0.0059786546
 152.3 0.0059225373
 152.35 0.005867206
 152.4 0.005812647
 152.45 0.0057588443
 152.5 0.0057057855
 152.55 0.0056534554
 152.6 0.0056018424
 152.65 0.0055509326
 152.7 0.005500713
 152.75 0.005451172
 152.8 0.005402297
 152.85 0.0053540757
 152.9 0.005306497
 152.95 0.0052595497
 153.0 0.005213223
 153.05 0.005167505
 153.1 0.005122385
 153.15 0.0050778533
 153.2 0.0050318004
 153.25 0.0
 153.3 0.0
 153.35 0.0
 153.4 0.0
 153.45 0.0
 153.5 0.0
 153.55 0.0
 153.6 0.0
 153.65 0.0
 153.7 0.0
 153.75 0.0
 153.8 0.0
 153.85 0.0
 153.9 0.0
 153.95 0.0
 154.0 0.0
 154.05 0.0
 154.1 0.0
 154.15 0.0
 154.2 0.0
 154.25 0.0
 154.3 0.0
 154.35 0.0
 154.4 0.0
 154.45 0.0
 154.5 0.0
 154.55 0.0
 154.6 0.0
 154.65 0.0
 154.7 0.0
 154.75 0.0
 154.8 0.0
 154.85 0.0
 154.9 0.0
 154.95 0.0
 155.0 0.0
 155.05 0.0
 155.1 0.0
 155.15 0.0
 155.2 0.0
 155.25 0.0
 155.3 0.0
 155.35 0.0
 155.4 0.0
 155.45 0.0
 155.5 0.0
 155.55 0.0
 155.6 0.0
 155.65 0.0
 155.7 0.0
 155.75 0.0
 155.8 0.0
 155.85 0.0
 155.9 0.0
 155.95 0.0
 156.0 0.0
 156.05 0.0
 156.1 0.0
 156.15 0.0
 156.2 0.0
 156.25 0.0
 156.3 0.0
 156.35 0.0
 156.4 0.0
 156.45 0.0
 156.5 0.0
 156.55 0.0
 156.6 0.0
 156.65 0.0
 156.7 0.0
 156.75 0.0
 156.8 0.0
 156.85 0.0
 156.9 0.0
 156.95 0.0
 157.0 0.0
 157.05 0.0
 157.1 0.0
 157.15 0.0
 157.2 0.0
 157.25 0.0
 157.3 0.0
 157.35 0.0
 157.4 0.0
 157.45 0.0
 157.5 0.0
 157.55 0.0
 157.6 0.0
 157.65 0.0
 157.7 0.0
 157.75 0.0
 157.8 0.0
 157.85 0.0
 157.9 0.0
 157.95 0.0
 158.0 0.0
 158.05 0.0
 158.1 0.0
 158.15 0.0
 158.2 0.0
 158.25 0.0
 158.3 0.0
 158.35 0.0
 158.4 0.0
 158.45 0.0
 158.5 0.0
 158.55 0.0
 158.6 0.0
 158.65 0.0
 158.7 0.0
 158.75 0.0
 158.8 0.0
 158.85 0.0
 158.9 0.0
 158.95 0.0
 159.0 0.0
 159.05 0.0
 159.1 0.0
 159.15 0.0
 159.2 0.0
 159.25 0.0
 159.3 0.0
 159.35 0.0
 159.4 0.0
 159.45 0.0
 159.5 0.0
 159.55 0.0
 159.6 0.0
 159.65 0.0
 159.7 0.0
 159.75 0.0
 159.8 0.0
 159.85 0.0
 159.9 0.0
 159.95 0.0
 160.0 0.0
 160.05 0.0
 160.1 0.0
 160.15 0.0
 160.2 0.0
 160.25 0.0
 160.3 0.0
 160.35 0.0
 160.4 0.0
 160.45 0.0
 160.5 0.0
 160.55 0.0
 160.6 0.0
 160.65 0.0
 160.7 0.0
 160.75 0.0
 160.8 0.0
 160.85 0.0
 160.9 0.0
 160.95 0.0
 161.0 0.0
 161.05 0.0
 161.1 0.0
 161.15 0.0
 161.2 0.0
 161.25 0.0
 161.3 0.0
 161.35 0.0
 161.4 0.0
 161.45 0.0
 161.5 0.0
 161.55 0.0
 161.6 0.0
 161.65 0.0
 161.7 0.0
 161.75 0.0
 161.8 0.0
 161.85 0.0
 161.9 0.0
 161.95 0.0
 162.0 0.0
 162.05 0.0
 162.1 0.0
 162.15 0.0
 162.2 0.0
 162.25 0.0
 162.3 0.0
 162.35 0.0
 162.4 0.0
 162.45 0.0
 162.5 0.0
 162.55 0.0
 162.6 0.0
 162.65 0.0
 162.7 0.0
 162.75 0.0
 162.8 0.0
 162.85 0.0
 162.9 0.0
 162.95 0.0
 163.0 0.0
 163.05 0.0
 163.1 0.0
 163.15 0.0
 163.2 0.0
 163.25 0.0
 163.3 0.0
 163.35 0.0
 163.4 0.0
 163.45 0.0
 163.5 0.0
 163.55 0.0
 163.6 0.0
 163.65 0.0
 163.7 0.0
 163.75 0.0
 163.8 0.0
 163.85 0.0
 163.9 0.0
 163.95 0.0
 164.0 0.0
 164.05 0.0
 164.1 0.0
 164.15 0.0
 164.2 0.0
 164.25 0.0
 164.3 0.0
 164.35 0.0
 164.4 0.0
 164.45 0.0
 164.5 0.0
 164.55 0.0
 164.6 0.0
 164.65 0.0
 164.7 0.0
 164.75 0.0
 164.8 0.0
 164.85 0.0
 164.9 0.0
 164.95 0.0
 165.0 0.0
 165.05 0.0
 165.1 0.0
 165.15 0.0
 165.2 0.0
 165.25 0.0
 165.3 0.0
 165.35 0.0
 165.4 0.0
 165.45 0.0
 165.5 0.0
 165.55 0.0
 165.6 0.0
 165.65 0.0
 165.7 0.0
 165.75 0.0
 165.8 0.0
 165.85 0.0
 165.9 0.0
 165.95 0.0
 166.0 0.0
 166.05 0.0
 166.1 0.0
 166.15 0.0
 166.2 0.0
 166.25 0.0
 166.3 0.0
 166.35 0.0
 166.4 0.0
 166.45 0.0
 166.5 0.0
 166.55 0.0
 166.6 0.0
 166.65 0.0
 166.7 0.0
 166.75 0.0
 166.8 0.0
 166.85 0.0
 166.9 0.0
 166.95 0.0
 167.0 0.0
 167.05 0.0
 167.1 0.0
 167.15 0.0
 167.2 0.0
 167.25 0.0
 167.3 0.0
 167.35 0.0
 167.4 0.0
 167.45 0.0
 167.5 0.0
 167.55 0.0
 167.6 0.0
 167.65 0.0
 167.7 0.0
 167.75 0.0
 167.8 0.0
 167.85 0.0
 167.9 0.0
 167.95 0.0
 168.0 0.0
 168.05 0.0
 168.1 0.0
 168.15 0.0
 168.2 0.0
 168.25 0.0
 168.3 0.0
 168.35 0.0
 168.4 0.0
 168.45 0.0
 168.5 0.0
 168.55 0.0
 168.6 0.0
 168.65 0.0
 168.7 0.0
 168.75 0.0
 168.8 0.0
 168.85 0.0
 168.9 0.0
 168.95 0.0
 169.0 0.0
 169.05 0.0
 169.1 0.0
 169.15 0.0
 169.2 0.0
 169.25 0.0
 169.3 0.0
 169.35 0.0
 169.4 0.0
 169.45 0.0
 169.5 0.0
 169.55 0.0
 169.6 0.0
 169.65 0.0
 169.7 0.0
 169.75 0.0
 169.8 0.0
 169.85 0.0
 169.9 0.0
 169.95 0.0
 170.0 0.0
 170.05 0.0
 170.1 0.0
 170.15 0.0
 170.2 0.0
 170.25 0.0
 170.3 0.0
 170.35 0.0
 170.4 0.0
 170.45 0.0
 170.5 0.0
 170.55 0.0
 170.6 0.0
 170.65 0.0
 170.7 0.0
 170.75 0.0
 170.8 0.0
 170.85 0.0
 170.9 0.0
 170.95 0.0
 171.0 0.0
 171.05 0.0
 171.1 0.0
 171.15 0.0
 171.2 0.0
 171.25 0.0
 171.3 0.0
 171.35 0.0
 171.4 0.0
 171.45 0.0
 171.5 0.0
 171.55 0.0
 171.6 0.0
 171.65 0.0
 171.7 0.0
 171.75 0.0
 171.8 0.0
 171.85 0.0
 171.9 0.0
 171.95 0.0
 172.0 0.0
 172.05 0.0
 172.1 0.0
 172.15 0.0
 172.2 0.0
 172.25 0.0
 172.3 0.0
 172.35 0.0
 172.4 0.0
 172.45 0.0
 172.5 0.0
 172.55 0.0
 172.6 0.0
 172.65 0.0
 172.7 0.0
 172.75 0.0
 172.8 0.0
 172.85 0.0
 172.9 0.0
 172.95 0.0
 173.0 0.0
 173.05 0.0
 173.1 0.0
 173.15 0.0
 173.2 0.0
 173.25 0.0
 173.3 0.0
 173.35 0.0
 173.4 0.0
 173.45 0.0
 173.5 0.0
 173.55 0.0
 173.6 0.0
 173.65 0.0
 173.7 0.0
 173.75 0.0
 173.8 0.0
 173.85 0.0
 173.9 0.0
 173.95 0.0
 174.0 0.0
 174.05 0.0
 174.1 0.0
 174.15 0.0
 174.2 0.0
 174.25 0.0
 174.3 0.0
 174.35 0.0
 174.4 0.0
 174.45 0.0
 174.5 0.0
 174.55 0.0
 174.6 0.0
 174.65 0.0
 174.7 0.0
 174.75 0.0
 174.8 0.0
 174.85 0.0
 174.9 0.0
 174.95 0.0
 175.0 0.0
 175.05 0.0
 175.1 0.0
 175.15 0.0
 175.2 0.0
 175.25 0.0
 175.3 0.0
 175.35 0.0
 175.4 0.0
 175.45 0.0
 175.5 0.0
 175.55 0.0
 175.6 0.0
 175.65 0.0
 175.7 0.0
 175.75 0.0
 175.8 0.0
 175.85 0.0
 175.9 0.0
 175.95 0.0
 176.0 0.0
 176.05 0.0
 176.1 0.0
 176.15 0.0
 176.2 0.0
 176.25 0.0
 176.3 0.0
 176.35 0.0
 176.4 0.0
 176.45 0.0
 176.5 0.0
 176.55 0.0
 176.6 0.0
 176.65 0.0
 176.7 0.0
 176.75 0.0
 176.8 0.0
 176.85 0.0
 176.9 0.0
 176.95 0.0
 177.0 0.0
 177.05 0.0
 177.1 0.0
 177.15 0.0
 177.2 0.0
 177.25 0.0
 177.3 0.0
 177.35 0.0
 177.4 0.0
 177.45 0.0
 177.5 0.0
 177.55 0.0
 177.6 0.0
 177.65 0.0
 177.7 0.0
 177.75 0.0
 177.8 0.0
 177.85 0.0
 177.9 0.0
 177.95 0.0
 178.0 0.0
 178.05 0.0
 178.1 0.0
 178.15 0.0
 178.2 0.0
 178.25 0.0
 178.3 0.0
 178.35 0.0
 178.4 0.0
 178.45 0.0
 178.5 0.0
 178.55 0.0
 178.6 0.0
 178.65 0.0
 178.7 0.0
 178.75 0.0
 178.8 0.0
 178.85 0.0
 178.9 0.0
 178.95 0.0
 179.0 0.0
 179.05 0.0
 179.1 0.0
 179.15 0.0
 179.2 0.0
 179.25 0.0
 179.3 0.0
 179.35 0.0
 179.4 0.0
 179.45 0.0
 179.5 0.0
 179.55 0.0
 179.6 0.0
 179.65 0.0
 179.7 0.0
 179.75 0.0
 179.8 0.0
 179.85 0.0
 179.9 0.0
