0.0	0.0
0.05	0.0
0.1	0.0
0.15	0.0
0.2	0.0
0.25	0.0
0.3	0.0
0.35	0.0
0.4	0.0
0.45	0.0
0.5	0.0
0.55	0.0
0.6	0.0
0.65	0.0
0.7	0.0
0.75	0.0
0.8	0.0
0.85	0.0
0.9	0.0
0.95	0.0
1.0	0.0
1.05	0.0
1.1	0.0
1.15	0.0
1.2	0.0
1.25	0.0
1.3	0.0
1.35	0.0
1.4	0.0
1.45	0.0
1.5	0.0
1.55	0.0
1.6	0.0
1.65	0.0
1.7	0.0
1.75	0.0
1.8	0.0
1.85	0.0
1.9	0.0
1.95	0.0
2.0	0.0
2.05	0.0
2.1	0.0
2.15	0.0
2.2	0.0
2.25	0.0
2.3	0.0
2.35	0.0
2.4	0.0
2.45	0.0
2.5	0.0
2.55	0.0
2.6	0.0
2.65	0.0
2.7	0.0
2.75	0.0
2.8	0.0
2.85	0.0
2.9	0.0
2.95	0.0
3.0	0.0
3.05	0.0
3.1	0.0
3.15	0.0
3.2	0.0
3.25	0.0
3.3	0.0
3.35	0.0
3.4	0.0
3.45	0.0
3.5	0.0
3.55	0.0
3.6	0.0
3.65	0.0
3.7	0.0
3.75	0.0
3.8	0.0
3.85	0.0
3.9	0.0
3.95	0.0
4.0	0.0
4.05	0.0
4.1	0.0
4.15	0.0
4.2	0.0
4.25	0.0
4.3	0.0
4.35	0.0
4.4	0.0
4.45	0.0
4.5	0.0
4.55	0.0
4.6	0.0
4.65	0.0
4.7	0.0
4.75	0.0
4.8	0.0
4.85	0.0
4.9	0.0
4.95	0.0
5.0	0.0
5.05	0.0
5.1	0.0
5.15	0.0
5.2	0.0
5.25	0.0
5.3	0.0
5.35	0.0
5.4	0.0
5.45	0.0
5.5	0.0
5.55	0.0
5.6	0.0
5.65	0.0
5.7	0.0
5.75	0.0
5.8	0.0
5.85	0.0
5.9	0.0
5.95	0.0
6.0	0.0
6.05	0.0
6.1	0.0
6.15	0.0
6.2	0.0
6.25	0.0
6.3	0.0
6.35	0.0
6.4	0.0
6.45	0.0
6.5	0.0
6.55	0.0
6.6	0.0
6.65	0.0
6.7	0.0
6.75	0.0
6.8	0.0
6.85	0.0
6.9	0.0
6.95	0.0
7.0	0.0
7.05	0.0
7.1	0.0
7.15	0.0
7.2	0.0
7.25	0.0
7.3	0.0
7.35	0.0
7.4	0.0
7.45	0.0
7.5	0.0
7.55	0.0
7.6	0.0
7.65	0.0
7.7	0.0
7.75	0.0
7.8	0.0
7.85	0.0
7.9	0.0
7.95	0.0
8.0	0.0
8.05	0.0
8.1	0.0
8.15	0.0
8.2	0.0
8.25	0.0
8.3	0.0
8.35	0.0
8.4	0.0
8.45	0.0
8.5	0.0
8.55	0.0
8.6	0.0
8.65	0.0
8.7	0.0
8.75	0.0
8.8	0.0
8.85	0.0
8.9	0.0
8.95	0.0
9.0	0.0
9.05	0.0
9.1	0.0
9.15	0.0
9.2	0.0
9.25	0.0
9.3	0.0
9.35	0.0
9.4	0.0
9.45	0.0
9.5	0.0
9.55	0.0
9.6	0.0
9.65	0.0
9.7	0.0
9.75	0.0
9.8	0.0
9.85	0.0
9.9	0.0
9.95	0.0
10.0	0.0
10.05	0.0
10.1	0.0
10.15	0.0
10.2	0.0
10.25	0.0
10.3	0.0
10.35	0.0
10.4	0.0
10.45	0.0
10.5	0.0
10.55	0.0
10.6	0.0
10.65	0.0
10.7	0.0
10.75	0.0
10.8	0.0
10.85	0.0
10.9	0.0
10.95	0.0
11.0	0.0
11.05	0.0
11.1	0.0
11.15	0.0
11.2	0.0
11.25	0.0
11.3	0.0
11.35	0.0
11.4	0.0
11.45	0.0
11.5	0.0
11.55	0.0
11.6	0.0
11.65	0.0
11.7	0.0
11.75	0.0
11.8	0.0
11.85	0.0
11.9	0.0
11.95	0.0
12.0	0.0
12.05	0.0
12.1	0.0
12.15	0.0
12.2	0.0
12.25	0.0
12.3	0.0
12.35	0.0
12.4	0.0
12.45	0.0
12.5	0.0
12.55	0.0
12.6	0.0
12.65	0.0
12.7	0.0
12.75	0.0
12.8	0.0
12.85	0.0
12.9	0.0
12.95	0.0
13.0	0.0
13.05	0.0
13.1	0.0
13.15	0.0
13.2	0.0
13.25	0.0
13.3	0.0
13.35	0.0
13.4	0.0
13.45	0.0
13.5	0.0
13.55	0.0
13.6	0.0
13.65	0.0
13.7	0.0
13.75	0.0
13.8	0.0
13.85	0.0
13.9	0.0
13.95	0.0
14.0	0.0
14.05	0.0
14.1	0.0
14.15	0.0
14.2	0.0
14.25	0.0
14.3	0.0
14.35	0.0
14.4	0.0
14.45	0.0
14.5	0.0
14.55	0.0
14.6	0.0
14.65	0.0
14.7	0.0
14.75	0.0
14.8	0.0
14.85	0.0
14.9	0.0
14.95	0.0
15.0	0.0
15.05	0.0
15.1	0.0
15.15	0.0
15.2	0.0
15.25	0.0
15.3	0.0
15.35	0.0
15.4	0.0
15.45	0.0
15.5	0.0
15.55	0.0
15.6	0.0
15.65	0.0
15.7	0.0
15.75	0.0
15.8	0.0
15.85	0.0
15.9	0.0
15.95	0.0
16.0	0.0
16.05	0.0
16.1	0.0
16.15	0.0
16.2	0.0
16.25	0.0
16.3	0.0
16.35	0.0
16.4	0.0
16.45	0.0
16.5	0.0
16.55	0.0
16.6	0.0
16.65	0.0
16.7	0.0
16.75	0.0
16.8	0.0
16.85	0.0
16.9	0.0
16.95	0.0
17.0	0.0
17.05	0.0
17.1	0.0
17.15	0.0
17.2	0.0
17.25	0.0
17.3	0.0
17.35	0.0
17.4	0.0
17.45	0.0
17.5	0.0
17.55	0.0
17.6	0.0
17.65	0.0
17.7	0.0
17.75	0.0
17.8	0.0
17.85	0.0
17.9	0.0
17.95	0.0
18.0	0.0
18.05	0.0
18.1	0.0
18.15	0.0
18.2	0.0
18.25	0.0
18.3	0.0
18.35	0.0
18.4	0.0
18.45	0.0
18.5	0.0
18.55	0.0
18.6	0.0
18.65	0.0
18.7	0.0
18.75	0.0
18.8	0.0
18.85	0.0
18.9	0.0
18.95	0.0
19.0	0.0
19.05	0.0
19.1	0.0
19.15	0.0
19.2	0.0
19.25	0.0
19.3	0.0
19.35	0.0
19.4	0.0
19.45	0.0
19.5	0.0
19.55	0.0
19.6	0.0
19.65	0.0
19.7	0.0
19.75	0.0
19.8	0.0
19.85	0.0
19.9	0.0
19.95	0.0
20.0	0.0
20.05	0.0
20.1	0.0
20.15	0.0
20.2	0.0
20.25	0.0
20.3	0.0
20.35	0.0
20.4	0.0
20.45	0.0
20.5	0.0
20.55	0.0
20.6	0.0
20.65	0.0
20.7	0.0
20.75	0.0
20.8	0.0
20.85	0.0
20.9	0.0
20.95	0.0
21.0	0.0
21.05	0.0
21.1	0.0
21.15	0.0
21.2	0.0
21.25	0.0
21.3	0.0
21.35	0.0
21.4	0.0
21.45	0.0
21.5	0.0
21.55	0.0
21.6	0.0
21.65	0.0
21.7	0.0
21.75	0.0
21.8	0.0
21.85	0.0
21.9	0.0
21.95	0.0
22.0	0.0
22.05	0.0
22.1	0.0
22.15	0.0
22.2	0.0
22.25	0.0
22.3	0.0
22.35	0.0
22.4	0.0
22.45	0.0
22.5	0.0
22.55	0.0
22.6	0.0
22.65	0.0
22.7	0.0
22.75	0.0
22.8	0.0
22.85	0.0
22.9	0.0
22.95	0.0
23.0	0.0
23.05	0.0
23.1	0.0
23.15	0.0
23.2	0.0
23.25	0.0
23.3	0.0
23.35	0.0
23.4	0.0
23.45	0.0
23.5	0.0
23.55	0.0
23.6	0.0
23.65	0.0
23.7	0.0
23.75	0.0
23.8	0.0
23.85	0.0
23.9	0.0
23.95	0.0
24.0	0.0
24.05	0.0
24.1	0.0
24.15	0.0
24.2	0.0
24.25	0.0
24.3	0.0
24.35	0.0
24.4	0.0
24.45	0.0
24.5	0.0
24.55	0.0
24.6	0.0
24.65	0.0
24.7	0.0
24.75	0.0
24.8	0.0
24.85	0.0
24.9	0.0
24.95	0.0
25.0	0.0
25.05	0.0
25.1	0.0
25.15	0.0
25.2	0.0
25.25	0.0
25.3	0.0
25.35	0.0
25.4	0.0
25.45	0.0
25.5	0.0
25.55	0.0
25.6	0.0
25.65	0.0
25.7	0.0
25.75	0.0
25.8	0.0
25.85	0.0
25.9	0.0
25.95	0.0
26.0	0.0
26.05	0.0
26.1	0.0
26.15	0.0
26.2	0.0
26.25	0.0
26.3	0.0
26.35	0.0
26.4	0.0
26.45	0.0
26.5	0.0
26.55	0.0
26.6	0.0
26.65	0.0
26.7	0.0
26.75	0.0
26.8	0.0
26.85	0.0
26.9	0.0
26.95	0.0
27.0	0.0
27.05	0.0
27.1	0.0
27.15	0.0
27.2	0.0
27.25	0.0
27.3	0.0
27.35	0.0
27.4	0.0
27.45	0.0
27.5	0.0
27.55	0.0
27.6	0.0
27.65	0.0
27.7	0.0
27.75	0.0
27.8	0.0
27.85	0.0
27.9	0.0
27.95	0.0
28.0	0.0
28.05	0.0
28.1	0.0
28.15	0.0
28.2	0.0
28.25	0.0
28.3	0.0
28.35	0.0
28.4	0.0
28.45	0.0
28.5	0.0
28.55	0.0
28.6	0.0
28.65	0.0
28.7	0.0
28.75	0.0
28.8	0.0
28.85	0.0
28.9	0.0
28.95	0.0
29.0	0.0
29.05	0.0
29.1	0.0
29.15	0.0
29.2	0.0
29.25	0.0
29.3	0.0
29.35	0.0
29.4	0.0
29.45	0.0
29.5	0.0
29.55	0.0
29.6	0.0
29.65	0.0
29.7	0.0
29.75	0.0
29.8	0.0
29.85	0.0
29.9	0.0
29.95	0.0
30.0	0.0
30.05	0.0
30.1	0.0
30.15	0.0
30.2	0.0
30.25	0.0
30.3	0.0
30.35	0.0
30.4	0.0
30.45	0.0
30.5	0.0
30.55	0.0
30.6	0.0
30.65	0.0
30.7	0.0
30.75	0.0
30.8	0.0
30.85	0.0
30.9	0.0
30.95	0.0
31.0	0.0
31.05	0.0
31.1	0.0
31.15	0.0
31.2	0.0
31.25	0.0
31.3	0.0
31.35	0.0
31.4	0.0
31.45	0.0
31.5	0.0
31.55	0.0
31.6	0.0
31.65	0.0
31.7	0.0
31.75	0.0
31.8	0.0
31.85	0.0
31.9	0.0
31.95	0.0
32.0	0.0
32.05	0.0
32.1	0.0
32.15	0.0
32.2	0.0
32.25	0.0
32.3	0.0
32.35	0.0
32.4	0.0
32.45	0.0
32.5	0.0
32.55	0.0
32.6	0.0
32.65	0.0
32.7	0.0
32.75	0.0
32.8	0.0
32.85	0.0
32.9	0.0
32.95	0.0
33.0	0.0
33.05	0.0
33.1	0.0
33.15	0.0
33.2	0.0
33.25	0.0
33.3	0.0
33.35	0.0
33.4	0.0
33.45	0.0
33.5	0.0
33.55	0.0
33.6	0.0
33.65	0.0
33.7	0.0
33.75	0.0
33.8	0.0
33.85	0.0
33.9	0.0
33.95	0.0
34.0	0.0
34.05	0.0
34.1	0.0
34.15	0.0
34.2	0.0
34.25	0.0
34.3	0.0
34.35	0.0
34.4	0.0
34.45	0.0
34.5	0.0
34.55	0.0
34.6	0.0
34.65	0.0
34.7	0.0
34.75	0.0
34.8	0.0
34.85	0.0
34.9	0.0
34.95	0.0
35.0	0.0
35.05	0.0
35.1	0.0
35.15	0.0
35.2	0.0
35.25	0.0
35.3	0.0
35.35	0.0
35.4	0.0
35.45	0.0
35.5	0.0
35.55	0.0
35.6	0.0
35.65	0.0
35.7	0.0
35.75	0.0
35.8	0.0
35.85	0.0
35.9	0.0
35.95	0.0
36.0	0.0
36.05	0.0
36.1	0.0
36.15	0.0
36.2	0.0
36.25	0.0
36.3	0.0
36.35	0.0
36.4	0.0
36.45	0.0
36.5	0.0
36.55	0.0
36.6	0.0
36.65	0.0
36.7	0.0
36.75	0.0
36.8	0.0
36.85	0.0
36.9	0.0
36.95	0.0
37.0	0.0
37.05	0.0
37.1	0.0
37.15	0.0
37.2	0.0
37.25	0.0
37.3	0.0
37.35	0.0
37.4	0.0
37.45	0.0
37.5	0.0
37.55	0.0
37.6	0.0
37.65	0.0
37.7	0.0
37.75	0.0
37.8	0.0
37.85	0.0
37.9	0.0
37.95	0.0
38.0	0.0
38.05	0.0
38.1	0.0
38.15	0.0
38.2	0.0
38.25	0.0
38.3	0.0
38.35	0.0
38.4	0.0
38.45	0.0
38.5	0.0
38.55	0.0
38.6	0.0
38.65	0.0
38.7	0.0
38.75	0.0
38.8	0.0
38.85	0.0
38.9	0.0
38.95	0.0
39.0	0.0
39.05	0.0
39.1	0.0
39.15	0.0
39.2	0.0
39.25	0.0
39.3	0.0
39.35	0.0
39.4	0.0
39.45	0.0
39.5	0.0
39.55	0.0
39.6	0.0
39.65	0.0
39.7	0.0
39.75	0.0
39.8	0.0
39.85	0.0
39.9	0.0
39.95	1.8852319e-05
40.0	7.8229445e-05
40.05	0.00026463095
40.1	0.000850196925
40.15	0.002693412125
40.2	0.0084894785
40.25	0.02689396
40.3	0.0852781825
40.35	0.088654845
40.4	0.092236095
40.45	0.096038775
40.5	0.100081525
40.55	0.104384995
40.6	0.1089720875
40.65	0.113868275
40.7	0.119101975
40.75	0.1247049125
40.8	0.1307126575
40.85	0.13716515
40.9	0.1441074
40.95	0.15159025
41.0	0.1596712925
41.05	0.1684160375
41.1	0.1778991675
41.15	0.18820621
41.2	0.199435425
41.25	0.2117001425
41.3	0.22513169
41.35	0.239882875
41.4	0.256132325
41.45	0.27409
41.5	0.294003925
41.55	0.316168825
41.6	0.340937
41.65	0.368732575
41.7	0.400257647195
41.75	0.4363855218
41.8	0.47888212585
41.85	0.531985149
41.9	0.60774726
41.95	0.7437001025
42.0	1.061623865
42.05	1.1611389
42.1	1.278021275
42.15	1.4168823875
42.2	1.584015475
42.25	1.78819745
42.3	2.0419779475
42.35	2.36384452
42.4	2.7821119775
42.45	3.34259715
42.5	4.1248432
42.55	5.27718568
42.6	7.0926272775
42.65	10.181954025
42.7	15.885287575
42.75	26.841605575
42.8	46.44780957
42.85	74.047135375
42.9	94.57984225
42.95	81.164421225
43.0	48.709780075
43.05	26.0552805
43.1	14.820311825
43.15	9.7530262
43.2	7.23031005
43.25	5.764853125
43.3	4.836216025
43.35	4.228771
43.4	3.8311327
43.45	3.5795492
43.5	3.4360635
43.55	3.377872
43.6	3.3917083
43.65	3.47080655
43.7	3.613301225
43.75	3.821514225
43.8	4.101871175
43.85	4.46537955
43.9	4.9287271
43.95	5.516210225
44.0	6.262922625
44.05	7.219999975
44.1	8.463490125
44.15	10.110252925
44.2	12.3489039
44.25	15.504489125
44.3	20.179485275
44.35	27.5709444
44.4	40.223447875
44.45	63.7842523675
44.5	109.34419496
44.55	190.919589075
44.6	305.419740225
44.65	390.667568175
44.7	337.210945465
44.75	203.91264706
44.8	108.3774481
44.85	59.760801875
44.9	37.4081863375
44.95	26.150210015
45.0	19.479127125
45.05	15.0834192
45.1	12.018432785
45.15	9.79818726
45.2	8.1401748125
45.25	6.8702359375
45.3	5.876428175
45.35	5.08426104
45.4	4.442529775
45.45	3.914715505
45.5	3.4727252075
45.55	3.089331445
45.6	2.720078625
45.65	2.45604675
45.7	2.228616525
45.75	2.031332025
45.8	1.8590985
45.85	1.707852225
45.9	1.57432065
45.95	1.45584405
46.0	1.350243675
46.05	1.25572065
46.1	1.17077925
46.15	1.094167725
46.2	1.02483225
46.25	0.961880475
46.3	0.9045525
46.35	0.85219815
46.4	0.804258675
46.45	0.7602516
46.5	0.71975832
46.55	0.6824148
46.6	0.647902725
46.65	0.6159430125
46.7	0.586290225
46.75	0.5587275
46.8	0.533071739762
46.85	0.50916794784
46.9	0.486931099712
46.95	0.46647803025
47.0	0.4486441655
47.05	0.436960874
47.1	0.4451368875
47.15	0.429830225
47.2	0.414706415
47.25	0.39736258
47.3	0.368803395
47.35	0.29470302
47.4	0.043209355
47.45	0.0449447825
47.5	0.04678687
47.55	0.0487445325
47.6	0.05082765
47.65	0.0530471625
47.7	0.0554152425
47.75	0.0579454525
47.8	0.06065293
47.85	0.063554615
47.9	0.0666695375
47.95	0.070019095
48.0	0.07362745
48.05	0.0775219575
48.1	0.0817336825
48.15	0.086298005
48.2	0.09125539
48.25	0.096652275
48.3	0.1025421625
48.35	0.10898693
48.4	0.116058475
48.45	0.123840735
48.5	0.13243215
48.55	0.141948825
48.6	0.1525284
48.65	0.1643351175
48.7	0.177566175
48.75	0.1924349
48.8	0.2092780625
48.85	0.2284300625
48.9	0.250332375
48.95	0.275537075
49.0	0.30474175
49.05	0.3388381
49.1	0.3789803
49.15	0.426683375
49.2	0.483967
49.25	0.55357125
49.3	0.639287
49.35	0.746478075
49.4	0.8829329
49.45	1.060321325
49.5	1.29688075
49.55	1.6228945
49.6	2.093063
49.65	2.81690475
49.7	4.03551725
49.75	6.29223525
49.8	10.66939075
49.85	18.606161
49.9	30.20224375
49.95	40.42064
50.0	38.2818225
50.05	25.31748
50.1	14.13389
50.15	7.78026875
50.2	4.706098
50.25	3.2002955
50.3	2.352261
50.35	1.8079114
50.4	1.43209815
50.45	1.1614076
50.5	0.96022775
50.55	0.80680395
50.6	0.687221875
50.65	0.59226215
50.7	0.515629525
50.75	0.452911325
50.8	0.40094275
50.85	0.35740745
50.9	0.320579325
50.95	0.28915125
51.0	0.262119
51.05	0.238701
51.1	0.2182815375
51.15	0.200370535
51.2	0.18457389
51.25	0.170571875
51.3	0.158102925
51.35	0.1469513925
51.4	0.136938215
51.45	0.1279136825
51.5	0.119751945
51.55	0.1123465075
51.6	0.1056068175
51.65	0.099455445
51.7	0.093825915
51.75	0.088660875
51.8	0.0839106075
51.85	0.0795319
51.9	0.0754870175
51.95	0.071742875
52.0	0.0682704
52.05	0.06504394
52.1	0.06204082
52.15	0.059240885
52.2	0.05662622
52.25	0.05418085
52.3	0.0518904625
52.35	0.049742245
52.4	0.0477246725
52.45	0.04582736
52.5	0.04404095
52.55	0.0423569575
52.6	0.0407677075
52.65	0.03925104
52.7	0.03776477
52.75	0.03612868
52.8	0.0335642175
52.85	0.0266293375
52.9	0.0
52.95	0.0
53.0	0.0
53.05	0.0
53.1	0.0
53.15	0.0
53.2	0.0
53.25	0.0
53.3	0.0
53.35	0.0
53.4	0.0
53.45	0.0
53.5	0.0
53.55	0.0
53.6	0.0
53.65	0.0
53.7	0.0
53.75	0.0
53.8	0.0
53.85	0.0
53.9	0.0
53.95	0.0
54.0	0.0
54.05	0.0
54.1	0.0
54.15	0.0
54.2	0.0
54.25	0.0
54.3	0.0
54.35	0.0
54.4	0.0
54.45	0.0
54.5	0.0
54.55	0.0
54.6	0.0
54.65	0.0
54.7	0.0
54.75	0.0
54.8	0.0
54.85	0.0
54.9	0.0
54.95	0.0
55.0	0.0
55.05	0.0
55.1	0.0
55.15	0.0
55.2	0.0
55.25	0.0
55.3	0.0
55.35	0.0
55.4	0.0
55.45	0.0
55.5	0.0
55.55	0.0
55.6	0.0
55.65	0.0
55.7	0.0
55.75	0.0
55.8	0.0
55.85	0.0
55.9	0.0
55.95	0.0
56.0	0.0
56.05	0.0
56.1	0.0
56.15	0.0
56.2	0.0
56.25	0.0
56.3	0.0
56.35	0.0
56.4	0.0
56.45	0.0
56.5	0.0
56.55	0.0
56.6	0.0
56.65	0.0
56.7	0.0
56.75	0.0
56.8	0.0
56.85	0.0
56.9	0.0
56.95	0.0
57.0	0.0
57.05	0.0
57.1	0.0
57.15	0.0
57.2	0.0
57.25	0.0
57.3	0.0
57.35	0.0
57.4	0.0
57.45	0.0
57.5	0.0
57.55	0.0
57.6	0.0
57.65	0.0
57.7	0.0
57.75	0.0
57.8	0.0
57.85	0.0
57.9	0.0
57.95	0.0
58.0	0.0
58.05	0.0
58.1	0.0
58.15	0.0
58.2	0.0
58.25	0.0
58.3	0.0
58.35	0.0
58.4	0.0
58.45	0.0
58.5	0.0
58.55	0.0
58.6	0.0
58.65	0.0
58.7	0.0
58.75	0.0
58.8	0.0
58.85	0.0
58.9	0.0
58.95	0.0
59.0	0.0
59.05	0.0
59.1	0.0
59.15	0.0
59.2	0.0
59.25	0.0
59.3	0.0
59.35	0.0
59.4	0.0
59.45	0.0
59.5	0.0
59.55	0.0
59.6	0.0
59.65	0.0
59.7	0.0
59.75	0.0
59.8	0.0
59.85	0.0
59.9	0.0
59.95	0.0
60.0	0.0
60.05	0.0
60.1	0.0
60.15	0.0
60.2	0.0
60.25	0.0
60.3	0.0
60.35	0.0
60.4	0.0
60.45	0.0
60.5	0.0
60.55	0.0
60.6	0.0
60.65	0.0
60.7	0.0
60.75	0.0
60.8	0.0
60.85	0.0
60.9	0.0
60.95	0.0
61.0	0.0
61.05	0.0
61.1	0.0
61.15	0.0
61.2	0.0
61.25	0.0
61.3	0.0
61.35	5.47689705e-06
61.4	3.612831375e-05
61.45	0.00020760243
61.5	0.001163256075
61.55	0.0065679075
61.6	0.037032279
61.65	0.0381422055
61.7	0.039302772
61.75	0.040517103
61.8	0.041788575
61.85	0.04312083
61.9	0.0445178025
61.95	0.0459837465
62.0	0.0475232775
62.05	0.0491414025
62.1	0.0508435725
62.15	0.0526356975
62.2	0.05452422
62.25	0.0565161825
62.3	0.05861928
62.35	0.0608419275
62.4	0.0631933575
62.45	0.0656837055
62.5	0.06832413
62.55	0.0711269175
62.6	0.07410567
62.65	0.07727541
62.7	0.080652795
62.75	0.08425638
62.8	0.0881067945
62.85	0.09222708
62.9	0.0966430425
62.95	0.1013836575
63.0	0.106481475
63.05	0.1119732975
63.1	0.117900765
63.15	0.1243111125
63.2	0.1312582125
63.25	0.1388036325
63.3	0.147018015
63.35	0.15598269
63.4	0.1657917975
63.45	0.1765546425
63.5	0.1883987625
63.55	0.20147373
63.6	0.2159558475
63.65	0.23205411
63.7	0.250017675
63.75	0.2701455
63.8	0.29279883
63.85	0.318417255
63.9	0.347540025
63.95	0.38083443
64.0	0.419133675
64.05	0.4634892
64.1	0.515242125
64.15	0.5761244625
64.2	0.64840305
64.25	0.7350896025
64.3	0.840251775
64.35	0.969486525
64.4	1.13065755
64.45	1.335087
64.5	1.5995838
64.55	1.950282
64.6	2.43119415
64.65	3.1265235
64.7	4.2196695
64.75	6.121821
64.8	9.64385475
64.85	15.97354725
64.9	25.9782975
64.95	38.34765225
65.0	46.76295975
65.05	42.82760775
65.1	30.365367
65.15	18.80142825
65.2	11.166185625
65.25	6.88244025
65.3	4.62478995
65.35	3.377009475
65.4	2.604735525
65.45	2.077124475
65.5	1.694905425
65.55	1.408286775
65.6	1.1879703
65.65	1.015141725
65.7	0.877178475
65.75	0.76535985
65.8	0.673513455
65.85	0.597176475
65.9	0.5330600775
65.95	0.478699425
66.0	0.43221867
66.05	0.3921705
66.1	0.3574242225
66.15	0.327086295
66.2	0.300443265
66.25	0.276920085
66.3	0.2560490625
66.35	0.23744682
66.4	0.2207967
66.45	0.20583531
66.5	0.1923421275
66.55	0.180131445
66.6	0.1690460025
66.65	0.1589518275
66.7	0.1497343425
66.75	0.1412950125
66.8	0.1335487425
66.85	0.126421755
66.9	0.1198498275
66.95	0.1137768375
67.0	0.1081535775
67.05	0.1029367575
67.1	0.0980881575
67.15	0.09357396
67.2	0.0893641125
67.25	0.0854319
67.3	0.0817534425
67.35	0.07830738
67.4	0.07507456125
67.45	0.072037755
67.5	0.0691814325
67.55	0.0664915875
67.6	0.06395553
67.65	0.06156177
67.7	0.05929986375
67.75	0.0571602975
67.8	0.0551344155
67.85	0.0532143075
67.9	0.0513927375
67.95	0.04966308375
68.0	0.0480192675
68.05	0.04645569525
68.1	0.044967237
68.15	0.04354915875
68.2	0.0421970925
68.25	0.040907004
68.3	0.03966100875
68.35	0.03838858875
68.4	0.0366158925
68.45	0.03113157
68.5	0.0
68.55	0.0
68.6	0.0
68.65	0.0
68.7	0.0
68.75	0.0
68.8	0.0
68.85	0.0
68.9	0.0
68.95	0.0
69.0	0.0
69.05	0.0
69.1	0.0
69.15	0.0
69.2	0.0
69.25	0.0
69.3	0.0
69.35	4.80569325e-06
69.4	3.8422775e-05
69.45	0.0002736918
69.5	0.00192431535
69.55	0.013537217
69.6	0.0138987825
69.65	0.014275025
69.7	0.0146667475
69.75	0.015074812
69.8	0.01550014
69.85	0.01594372
69.9	0.0164066075
69.95	0.0168899425
70.0	0.017394945
70.05	0.0179229285
70.1	0.01847531
70.15	0.019053615
70.2	0.01965949
70.25	0.020294715
70.3	0.020961215
70.35	0.0216610775
70.4	0.02239656625
70.45	0.0231701375
70.5	0.023984464
70.55	0.02484246
70.6	0.0257473025
70.65	0.02670246375
70.7	0.02771174
70.75	0.028779295
70.8	0.0299097
70.85	0.03110798625
70.9	0.03237969
70.95	0.0337309325
71.0	0.035168475
71.05	0.0366998325
71.1	0.038333325
71.15	0.0400782425
71.2	0.04194494
71.25	0.043945
71.3	0.0460914325
71.35	0.04839885
71.4	0.05088374
71.45	0.05356476
71.5	0.056463075
71.55	0.059602775
71.6	0.063011385
71.65	0.06672047
71.7	0.070766325
71.75	0.075190925
71.8	0.08004295
71.85	0.08537916
71.9	0.09126602
71.95	0.097781785
72.0	0.105019085
72.05	0.1130881825
72.1	0.122121175
72.15	0.132277385
72.2	0.1437503
72.25	0.156776775
72.3	0.1716491575
72.35	0.188731575
72.4	0.208482025
72.45	0.231482825
72.5	0.258482975
72.55	0.290458625
72.6	0.328699925
72.65	0.374939125
72.7	0.4315434
72.75	0.501813
72.8	0.5904622
72.85	0.7044658
72.9	0.85479575
72.95	1.06066035
73.0	1.3604875
73.05	1.83715915
73.1	2.66059275
73.15	4.1219955
73.2	6.58305125
73.25	10.23853875
73.3	14.5962175
73.35	17.7174025
73.4	16.977525
73.45	12.988513
73.5	8.667005
73.55	5.4345925
73.6	3.4041435
73.65	2.24757725
73.7	1.60142025
73.75	1.21749365
73.8	0.96585745
73.85	0.787137325
73.9	0.653845
73.95	0.551445775
74.0	0.4710939
74.05	0.406937175
74.1	0.354936125
74.15	0.312226975
74.2	0.276736225
74.25	0.246934235
74.3	0.221673825
74.35	0.20008155
74.4	0.18148325
74.45	0.16535224
74.5	0.15127225
74.55	0.138910935
74.6	0.128000425
74.65	0.1183229375
74.7	0.109699935
74.75	0.101983995
74.8	0.0950525
74.85	0.0888028675
74.9	0.083148675
74.95	0.078016765
75.0	0.07334485
75.05	0.06907966
75.1	0.065175385
75.15	0.061592485
75.2	0.0582966875
75.25	0.0552581625
75.3	0.05245084
75.35	0.0498518825
75.4	0.0474411875
75.45	0.0452010225
75.5	0.04311569
75.55	0.041171265
75.6	0.039355335
75.65	0.0376568425
75.7	0.036065875
75.75	0.0345735575
75.8	0.03317191
75.85	0.031853735
75.9	0.030612535
75.95	0.0294424425
76.0	0.0283381275
76.05	0.0272947575
76.1	0.026307925
76.15	0.0253736275
76.2	0.0244882
76.25	0.0236482975
76.3	0.02285084875
76.35	0.0220930465
76.4	0.0213723025
76.45	0.0206862425
76.5	0.0200326815
76.55	0.01940959125
76.6	0.018815115
76.65	0.018247525
76.7	0.017705225
76.75	0.0171867325
76.8	0.01669068
76.85	0.0162157875
76.9	0.01576087
76.95	0.0153248245
77.0	0.0149066205
77.05	0.0145033225
77.1	0.0141008325
77.15	0.013580707
77.2	0.011909889
77.25	0.0
77.3	0.0
77.35	0.0
77.4	0.0
77.45	0.0
77.5	0.0
77.55	0.0
77.6	0.0
77.65	0.0
77.7	0.0
77.75	0.0
77.8	0.0
77.85	7.28043375e-06
77.9	7.240361625e-05
77.95	0.0006557352
78.0	0.0058955175
78.05	0.05310192
78.1	0.05436571125
78.15	0.05567514375
78.2	0.057032442
78.25	0.05843997
78.3	0.059900232
78.35	0.061415892
78.4	0.0629897925
78.45	0.06462495375
78.5	0.0663245925
78.55	0.0680921325
78.6	0.069931263
78.65	0.0718458855
78.7	0.073840185
78.75	0.07591864125
78.8	0.0780860625
78.85	0.08034759375
78.9	0.0827087595
78.95	0.08517549
79.0	0.0877541775
79.05	0.09045169875
79.1	0.09327546
79.15	0.096233445
79.2	0.0993343125
79.25	0.1025874075
79.3	0.1060028475
79.35	0.1095915975
79.4	0.113365575
79.45	0.1173377625
79.5	0.12152226
79.55	0.12593445
79.6	0.13059117
79.65	0.1355107875
79.7	0.1407134475
79.75	0.1462212975
79.8	0.1520586075
79.85	0.15825219
79.9	0.16483161
79.95	0.1718295375
80.0	0.17928219
80.05	0.1872298125
80.1	0.1957171275
80.15	0.2047940775
80.2	0.214516485
80.25	0.2249469225
80.3	0.2361557625
80.35	0.248222265
80.4	0.2612360475
80.45	0.27529875
80.5	0.29052597
80.55	0.30704961
80.6	0.32502081
80.65	0.3446133
80.7	0.3660276
80.75	0.38949618
80.8	0.415289595
80.85	0.44372445
80.9	0.47517285
80.95	0.51007455
81.0	0.548952255
81.05	0.5924310375
81.1	0.641263155
81.15	0.6963603375
81.2	0.758835975
81.25	0.8300604
81.3	0.911735475
81.35	1.00599465
81.4	1.1155404
81.45	1.243833375
81.5	1.3952772
81.55	1.575921
81.6	1.79356185
81.65	2.05887435
81.7	2.38664625
81.75	2.798004
81.8	3.324821625
81.85	4.019956125
81.9	4.98226155
81.95	6.4121115
82.0	8.70883875
82.05	12.57940125
82.1	19.038411
82.15	29.1089175
82.2	43.05603
82.25	58.9448925
82.3	70.67766375
82.35	70.09604625
82.4	57.46755
82.45	41.362605
82.5	27.69789525
82.55	18.0442545
82.6	11.94596925
82.65	8.32580775
82.7	6.18023925
82.75	4.8345423
82.8	3.918624
82.85	3.250644
82.9	2.741263725
82.95	2.342022675
83.0	2.0231007
83.05	1.7644479
83.1	1.551921
83.15	1.375267725
83.2	1.226911575
83.25	1.101160275
83.3	0.9936741
83.35	0.90110055
83.4	0.82081815
83.45	0.75075435
83.5	0.68925342
83.55	0.6349806
83.6	0.586850475
83.65	0.54397305
83.7	0.50561343
83.75	0.471160455
83.8	0.44010267
83.85	0.4120093875
83.9	0.386515875
83.95	0.3633118275
84.0	0.342131625
84.05	0.322747125
84.1	0.30496131
84.15	0.28861201777
84.2	0.273626949325
84.25	0.260714974675
84.3	0.2589221225
84.35	0.24723216875
84.4	0.23639856175
84.45	0.226343593
84.5	0.2169983085
84.55	0.208301485
84.6	0.20019851325
84.65	0.1926406375
84.7	0.1855842075
84.75	0.1789900675
84.8	0.172823065
84.85	0.1670515325
84.9	0.16164694
84.95	0.15658353125
85.0	0.1518380075
85.05	0.1473893235
85.1	0.14321839375
85.15	0.1393079675
85.2	0.1356423525
85.25	0.1322073825
85.3	0.1289902125
85.35	0.125979161
85.4	0.123163745
85.45	0.120534425
85.5	0.1180826625
85.55	0.11580076375
85.6	0.1136818685
85.65	0.1117198575
85.7	0.1099093625
85.75	0.1082456685
85.8	0.10672474275
85.85	0.105343169
85.9	0.1040981265
85.95	0.10298742
86.0	0.10200941125
86.05	0.1011631025
86.1	0.1004480325
86.15	0.0998643725
86.2	0.0994129175
86.25	0.0990950875
86.3	0.0989129875
86.35	0.09886942
86.4	0.0989679475
86.45	0.0992129575
86.5	0.09960969625
86.55	0.1001357325
86.6	0.10052121875
86.65	0.09748786375
86.7	0.0522942
86.75	0.05469989
86.8	0.057275195
86.85	0.060036395
86.9	0.0630018125
86.95	0.066192025
87.0	0.0696303
87.05	0.073342995
87.1	0.07736002
87.15	0.081715495
87.2	0.0864484075
87.25	0.09160357
87.3	0.097232565
87.35	0.1033951125
87.4	0.110160605
87.45	0.117610025
87.5	0.1258384
87.55	0.134957775
87.6	0.145100965
87.65	0.1564264
87.7	0.169124175
87.75	0.183423975
87.8	0.199605325
87.85	0.2180109625
87.9	0.2390647375
87.95	0.26329565
88.0	0.291370325
88.05	0.3241377
88.1	0.362691825
88.15	0.408460475
88.2	0.463333725
88.25	0.5298568
88.3	0.611539175
88.35	0.713418425
88.4	0.843261725
88.45	1.01438425
88.5	1.252062
88.55	1.60612225
88.6	2.169865375
88.65	3.09656625
88.7	4.5911825
88.75	6.84885925
88.8	9.920786
88.85	13.4808125
88.9	16.48478125
88.95	17.28373
89.0	15.2660325
89.05	11.78293125
89.1	8.35713575
89.15	5.6546755
89.2	3.78005725
89.25	2.586939
89.3	1.860838
89.35	1.416
89.4	1.12838225
89.45	0.928192625
89.5	0.7797553
89.55	0.664945375
89.6	0.57378225
89.65	0.500096325
89.7	0.439708475
89.75	0.389634275
89.8	0.34767925
89.85	0.312198675
89.9	0.281940925
89.95	0.255940925
90.0	0.2334452125
90.05	0.213859185
90.1	0.196708665
90.15	0.18161206
90.2	0.168259575
90.25	0.15639761
90.3	0.14581715
90.35	0.1363446425
90.4	0.127835125
90.45	0.1201667125
90.5	0.1132364575
90.55	0.106956885
90.6	0.1012533375
90.65	0.0960618
90.7	0.091327205
90.75	0.087001935
90.8	0.083044715
90.85	0.0794196575
90.9	0.0760954325
90.95	0.07304468
91.0	0.070243395
91.05	0.06767054
91.1	0.06530761
91.15	0.063138325
91.2	0.0611484
91.25	0.05932525
91.3	0.05765785
91.35	0.05613654
91.4	0.05475292
91.45	0.0534997125
91.5	0.052370675
91.55	0.0513605175
91.6	0.0504648525
91.65	0.04968015
91.7	0.0490036725
91.75	0.048433495
91.8	0.0479684575
91.85	0.047608215
91.9	0.0473531925
91.95	0.047204675
92.0	0.0471647975
92.05	0.04723665
92.1	0.047424335
92.15	0.047733065
92.2	0.048169295
92.25	0.048740885
92.3	0.0494572775
92.35	0.050329745
92.4	0.051371675
92.45	0.0525989275
92.5	0.0540302625
92.55	0.0556879075
92.6	0.0575982075
92.65	0.0597924775
92.7	0.062308065
92.75	0.0651896825
92.8	0.068491115
92.85	0.0722774125
92.9	0.07662774
92.95	0.0816390675
93.0	0.0874310875
93.05	0.09415275
93.1	0.101991065
93.15	0.11118321
93.2	0.1220332
93.25	0.134935475
93.3	0.1504089075
93.35	0.1691486825
93.4	0.1921127
93.45	0.22068875
93.5	0.257061406
93.55	0.305049086574
93.6	0.371932792075
93.65	0.472687305
93.7	0.62940471725
93.75	0.88116602
93.8	1.27693557775
93.85	1.8625159275
93.9	2.65255328725
93.95	3.58470427025
94.0	4.449931329
94.05	4.87337059
94.1	4.5858741925
94.15	3.77115330275
94.2	2.82511660275
94.25	1.9976830515
94.3	1.3725765055
94.35	0.94459550275
94.4	0.670711675
94.45	0.500694221
94.5	0.3936253105
94.55	0.322551003
94.6	0.27210329475
94.65	0.2341995725
94.7	0.2046064325
94.75	0.18094338475
94.8	0.16172251
94.85	0.14592704325
94.9	0.1328232905
94.95	0.12186549475
95.0	0.1126400225
95.05	0.10482891125
95.1	0.098184772
95.15	0.09251303975
95.2	0.087659205
95.25	0.0834994675
95.3	0.079933862
95.35	0.0768810885
95.4	0.07427463025
95.45	0.072059763
95.5	0.07019127
95.55	0.06863168
95.6	0.067349852
95.65	0.0663198815
95.7	0.0655202565
95.75	0.06493313625
95.8	0.06454382475
95.85	0.06434030275
95.9	0.06431288275
95.95	0.06445394025
96.0	0.06475766625
96.05	0.06521990525
96.1	0.065838004
96.15	0.066610714
96.2	0.0675381225
96.25	0.06862160725
96.3	0.0698637895
96.35	0.07126857625
96.4	0.072841123
96.45	0.0745879375
96.5	0.07651690425
96.55	0.0786373825
96.6	0.0809603185
96.65	0.083498413
96.7	0.086266225
96.75	0.0892804555
96.8	0.0925601525
96.85	0.0961270125
96.9	0.100005724
96.95	0.104224404
97.0	0.1088150805
97.05	0.11381427875
97.1	0.119263721
97.15	0.1252112415
97.2	0.1317116625
97.25	0.138828171
97.3	0.14663369425
97.35	0.1552128325
97.4	0.16466397075
97.45	0.17510211425
97.5	0.18666218875
97.55	0.19950344875
97.6	0.21381466175
97.65	0.22982092125
97.7	0.24779223675
97.75	0.26805474625
97.8	0.29100489
97.85	0.3171283575
97.9	0.3470250485
97.95	0.38144227275
98.0	0.4213199735
98.05	0.467852564
98.1	0.5225754695
98.15	0.5874900955
98.2	0.665256693
98.25	0.759526155
98.3	0.87559544125
98.35	1.02182912175
98.4	1.2127422995
98.45	1.475125189
98.5	1.858344662
98.55	2.44759922575
98.6	3.373423019
98.65	4.80417621225
98.7	6.9067495845
98.75	9.76794607
98.8	13.2716280598
98.85	16.9088206999
98.9	19.5875113658
98.95	19.9956625815
99.0	17.8751734468
99.05	14.36290275
99.1	10.73137575
99.15	7.65167175
99.2	5.32882725
99.25	3.718212975
99.3	2.6652219
99.35	1.995264375
99.4	1.5642564
99.45	1.274113575
99.5	1.066480125
99.55	0.9093915
99.6	0.785691975
99.65	0.68573007
99.7	0.6035550975
99.75	0.53514567
99.8	0.4776051375
99.85	0.42876855
99.9	0.3869823
99.95	0.3509645025
100.0	0.319709235
100.05	0.29241903
100.1	0.2684552625
100.15	0.247302075
100.2	0.2285392275
100.25	0.211821645
100.3	0.1968641475
100.35	0.18342921
100.4	0.17131794
100.45	0.16036272
100.5	0.1504215675
100.55	0.141373545
100.6	0.133115175
100.65	0.12555747
100.7	0.1186235775
100.75	0.112246935
100.8	0.1063695225
100.85	0.1009407225
100.9	0.095916105
100.95	0.09125664
101.0	0.0869278575
101.05	0.082899255
101.1	0.079143768
101.15	0.0756373125
101.2	0.07235838
101.25	0.06928773
101.3	0.0664081425
101.35	0.0637041
101.4	0.061161645
101.45	0.058768185
101.5	0.056512305
101.55	0.0543836775
101.6	0.0523729275
101.65	0.0504715125
101.7	0.04867166625
101.75	0.0469662825
101.8	0.045348882
101.85	0.04381351275
101.9	0.042354729
101.95	0.04096752975
102.0	0.039647307
102.05	0.03838982625
102.1	0.0371911725
102.15	0.036047745
102.2	0.034956195
102.25	0.03391344
102.3	0.0329166195
102.35	0.0319630725
102.4	0.03105033
102.45	0.030176103
102.5	0.0293382525
102.55	0.02853479775
102.6	0.02776387275
102.65	0.02702375025
102.7	0.026312814
102.75	0.0256295475
102.8	0.02497253625
102.85	0.024340452
102.9	0.0237320475
102.95	0.0231461625
103.0	0.02258169375
103.05	0.0220376115
103.1	0.021512949
103.15	0.02100678975
103.2	0.02051827875
103.25	0.0200466
103.3	0.019590993
103.35	0.01915073625
103.4	0.018725148
103.45	0.0183135825
103.5	0.01791543075
103.55	0.017530119
103.6	0.017157099
103.65	0.01679585475
103.7	0.016445895
103.75	0.01610675475
103.8	0.01577799375
103.85	0.01545919275
103.9	0.0151499535
103.95	0.0148498965
104.0	0.0145586625
104.05	0.014275911
104.1	0.01400131425
104.15	0.01373342175
104.2	0.0134490975
104.25	0.01264032375
104.3	0.0
104.35	0.0
104.4	0.0
104.45	0.0
104.5	0.0
104.55	0.0
104.6	0.0
104.65	0.0
104.7	0.0
104.75	0.0
104.8	0.0
104.85	0.0
104.9	0.0
104.95	0.0
105.0	0.0
105.05	0.0
105.1	0.0
105.15	0.0
105.2	0.0
105.25	0.0
105.3	0.0
105.35	0.0
105.4	0.0
105.45	0.0
105.5	0.0
105.55	0.0
105.6	0.0
105.65	0.0
105.7	0.0
105.75	0.0
105.8	0.0
105.85	0.0
105.9	0.0
105.95	0.0
106.0	0.0
106.05	0.0
106.1	0.0
106.15	0.0
106.2	0.0
106.25	0.0
106.3	0.0
106.35	0.0
106.4	0.0
106.45	0.0
106.5	0.0
106.55	0.0
106.6	0.0
106.65	0.0
106.7	0.0
106.75	0.0
106.8	0.0
106.85	0.0
106.9	0.0
106.95	0.0
107.0	0.0
107.05	0.0
107.1	0.0
107.15	0.0
107.2	0.0
107.25	0.0
107.3	0.0
107.35	0.0
107.4	0.0
107.45	0.0
107.5	0.0
107.55	0.0
107.6	0.0
107.65	0.0
107.7	0.0
107.75	0.0
107.8	0.0
107.85	0.0
107.9	0.0
107.95	0.0
108.0	0.0
108.05	0.0
108.1	0.0
108.15	0.0
108.2	0.0
108.25	0.0
108.3	0.0
108.35	0.0
108.4	0.0
108.45	7.330515e-08
108.5	2.017759e-06
108.55	5.38137825e-05
108.6	0.00143969385
108.65	0.0014613355
108.7	0.00148346835
108.75	0.00150610775
108.8	0.00152926915
108.85	0.001552968875
108.9	0.001577223425
108.95	0.0016020505
109.0	0.00162746825
109.05	0.00165349535
109.1	0.001680151675
109.15	0.0017074575
109.2	0.001735434175
109.25	0.001764103875
109.3	0.0017934895
109.35	0.00182442101715
109.4	0.00187756551875
109.45	0.002526469225
109.5	0.019755612925
109.55	0.02005126375
109.6	0.020353617
109.65	0.020662881
109.7	0.0209792625
109.75	0.021302987
109.8	0.0216342825
109.85	0.02197338775
109.9	0.02232055125
109.95	0.02267603075
110.0	0.0230400945
110.05	0.023413026125
110.1	0.0237951105
110.15	0.02418665325
110.2	0.024587973125
110.25	0.0249993975
110.3	0.0254212675
110.35	0.02585394475
110.4	0.02629780225
110.45	0.026753228125
110.5	0.027220629
110.55	0.027700434875
110.6	0.02819309175
110.65	0.028699055
110.7	0.029218816
110.75	0.029752888
110.8	0.03030179625
110.85	0.0308661035
110.9	0.031446392
110.95	0.03204327675
111.0	0.032657395
111.05	0.0332894245
111.1	0.0339400735
111.15	0.034610078375
111.2	0.035300225
111.25	0.03601133875
111.3	0.03674427075
111.35	0.03749993575
111.4	0.038279293
111.45	0.03908335
111.5	0.03991316025
111.55	0.0407698515
111.6	0.04165460725
111.65	0.04256867925
111.7	0.0435133775
111.75	0.0444901035
111.8	0.04550033575
111.85	0.0465456385
111.9	0.0476276695
111.95	0.04874818475
112.0	0.04990905075
112.05	0.051112253
112.1	0.05235989175
112.15	0.0536542135
112.2	0.05499747375
112.25	0.056392463
112.3	0.057841772
112.35	0.0593483055
112.4	0.0609151435
112.45	0.062545604
112.5	0.064243222
112.55	0.066011803
112.6	0.06785542425
112.65	0.069778457
112.7	0.0717856205
112.75	0.07388197675
112.8	0.076073001
112.85	0.07836459
112.9	0.0807631245
112.95	0.0832755325
113.0	0.0859092875
113.05	0.0886725465
113.1	0.09157414625
113.15	0.09462373825
113.2	0.097831855
113.25	0.1012100025
113.3	0.10477082075
113.35	0.108528145
113.4	0.11249724
113.45	0.116694929
113.5	0.12113981
113.55	0.125852505
113.6	0.1308559425
113.65	0.136175685
113.7	0.141840334
113.75	0.1478819635
113.8	0.1543367175
113.85	0.1612454235
113.9	0.1686544825
113.95	0.17661672
114.0	0.185192695
114.05	0.194452105
114.1	0.2044756675
114.15	0.2153573375
114.2	0.22720728
114.25	0.2401555475
114.3	0.254356985
114.35	0.2699979975
114.4	0.28730629
114.45	0.3065668075
114.5	0.328149605
114.55	0.352561975
114.6	0.38054658
114.65	0.413257725
114.7	0.45255326
114.75	0.5014204225
114.8	0.5644950525
114.85	0.648516975
114.9	0.76242437
114.95	0.9166991625
115.0	1.121642195
115.05	1.3845035225
115.1	1.70559675
115.15	2.0732465975
115.2	2.45681247
115.25	2.7994725875
115.3	3.0240714725
115.35	3.072160075
115.4	2.9529458
115.45	2.73670275
115.5	2.502532875
115.55	2.30642055
115.6	2.180726175
115.65	2.1434519
115.7	2.20723045
115.75	2.387905025
115.8	2.7135182
115.85	3.2329864125
115.9	4.0221707
115.95	5.1837785625
116.0	6.8370525075
116.05	9.0944836125
116.1	12.0256395625
116.15	15.609829465
116.2	19.6748806925
116.25	23.8135405425
116.3	27.30498769
116.35	29.2090878575
116.4	28.848023555
116.45	26.3552464525
116.5	22.55831635
116.55	18.36606094
116.6	14.402090405
116.65	10.9914384475
116.7	8.2513880775
116.75	6.1681235775
116.8	4.6525061265
116.85	3.5835899775
116.9	2.8405438335
116.95	2.32143902
117.0	1.950035225
117.05	1.67431621
117.1	1.4611314325
117.15	1.2902243325
117.2	1.149350475
117.25	1.03093002625
117.3	0.9300180825
117.35	0.84317300675
117.4	0.7678553225
117.45	0.70211050625
117.5	0.64439233375
117.55	0.5934560825
117.6	0.5482883775
117.65	0.508056955
117.7	0.472073215
117.75	0.439763385
117.8	0.4106469975
117.85	0.38431897
117.9	0.36043601175
117.95	0.3387058825
118.0	0.3188784565
118.05	0.3007387175
118.1	0.2841010875
118.15	0.2688047065
118.2	0.25470953225
118.25	0.24169338175
118.3	0.2296491
118.35	0.218482491
118.4	0.208110461
118.45	0.19845949925
118.5	0.18946438575
118.55	0.1810670845
118.6	0.1732158665
118.65	0.16586441375
118.7	0.1589712405
118.75	0.15249907975
118.8	0.14641434
118.85	0.14068671775
118.9	0.1352888565
118.95	0.130195902
119.0	0.125385325
119.05	0.120836641
119.1	0.11653121625
119.15	0.1124519625
119.2	0.10858334
119.25	0.10491108275
119.3	0.1014221395
119.35	0.09810451325
119.4	0.094947151
119.45	0.09193989425
119.5	0.089073383
119.55	0.0863389715
119.6	0.083728658125
119.65	0.0812350465
119.7	0.07885127675
119.75	0.07657099725
119.8	0.074388300375
119.85	0.072297684875
119.9	0.070294051
119.95	0.06837263625
120.0	0.06652900125
120.05	0.06475900175
120.1	0.0630587655
120.15	0.06142467225
120.2	0.05985334125
120.25	0.05834158675
120.3	0.05688644375
120.35	0.0554851125
120.4	0.0541349685
120.45	0.05283355375
120.5	0.051578545
120.55	0.0503677715
120.6	0.04919916775
120.65	0.048070794
120.7	0.0469808325
120.75	0.04592755575
120.8	0.0449093365
120.85	0.043924628
120.9	0.04297198275
120.95	0.042050018625
121.0	0.04115743625
121.05	0.04029299425
121.1	0.039455523125
121.15	0.03864391675
121.2	0.037857113175
121.25	0.037094115
121.3	0.0363539695
121.35	0.035635774
121.4	0.03493867125
121.45	0.03426183535
121.5	0.033604496125
121.55	0.032965902675
121.6	0.032345359
121.65	0.03174218425
121.7	0.03115573675
121.75	0.030585404075
121.8	0.030030602075
121.85	0.02949076425
121.9	0.0289653699
121.95	0.0284538969
122.0	0.027955386
122.05	0.02744462975
122.1	0.02558409975
122.15	0.02514426225
122.2	0.02471566725
122.25	0.024297933
122.3	0.02389069275
122.35	0.023493606
122.4	0.023106327
122.45	0.022728543
122.5	0.022359945
122.55	0.02200023825
122.6	0.021649137
122.65	0.021306372
122.7	0.0209716785
122.75	0.020644806
122.8	0.0203255145
122.85	0.02001357
122.9	0.019708749
122.95	0.01941083625
123.0	0.0191196255
123.05	0.01883491575
123.1	0.018556518
123.15	0.01827903
123.2	0.0177120555
123.25	0.0
123.3	0.0
123.35	0.0
123.4	0.0
123.45	0.0
123.5	0.0
123.55	0.0
123.6	0.0
123.65	0.0
123.7	0.0
123.75	0.0
123.8	0.0
123.85	0.0
123.9	0.0
123.95	0.0
124.0	0.0
124.05	0.0
124.1	0.0
124.15	0.0
124.2	0.0
124.25	0.0
124.3	0.0
124.35	1.1589251e-06
124.4	7.338044e-05
124.45	0.00460370125
124.5	0.004651941
124.55	0.004700943
124.6	0.004750723
124.65	0.0048012975
124.7	0.00485268375
124.75	0.00490489875
124.8	0.004957961
124.85	0.00501188875
124.9	0.00506670075
124.95	0.00512241675
125.0	0.005179056
125.05	0.00523663925
125.1	0.00529518875
125.15	0.00535472425
125.2	0.00541526975
125.25	0.0054768475
125.3	0.0055394805
125.35	0.00560319425
125.4	0.005668013
125.45	0.00573396225
125.5	0.005801069
125.55	0.00586935975
125.6	0.0059388635
125.65	0.006009608
125.7	0.006081624
125.75	0.006154941
125.8	0.006229592
125.85	0.0063056085
125.9	0.00638302425
125.95	0.00646187375
126.0	0.00654219175
126.05	0.006624017
126.1	0.00670738575
126.15	0.00679233725
126.2	0.0068789125
126.25	0.006967152
126.3	0.0070570995
126.35	0.0071488
126.4	0.00724229775
126.45	0.007337641
126.5	0.007434878
126.55	0.00753405975
126.6	0.0076352385
126.65	0.00773846775
126.7	0.0078438035
126.75	0.00795217495318
126.8	0.0081259147755
126.85	0.012968530275
126.9	0.01312979925
126.95	0.013294175
127.0	0.01346173925
127.05	0.013632578125
127.1	0.0138067777
127.15	0.01398443075
127.2	0.01416563025
127.25	0.01435047275
127.3	0.0145390605
127.35	0.0147314952
127.4	0.014927887475
127.45	0.01512834775
127.5	0.01533299125
127.55	0.015541939725
127.6	0.0157553165
127.65	0.01597325145
127.7	0.01619587705
127.75	0.016423334625
127.8	0.01665576675
127.85	0.01689332275
127.9	0.017136159375
127.95	0.01738443875
128.0	0.01763832775
128.05	0.01789800075
128.1	0.0181636405
128.15	0.01843543575
128.2	0.01871358375
128.25	0.0189982885
128.3	0.01928976125
128.35	0.01958822825
128.4	0.01989391875
128.45	0.02020707325
128.5	0.02052794575
128.55	0.020856798
128.6	0.0211939025
128.65	0.021539548
128.7	0.0218940325
128.75	0.022257669
128.8	0.0226307825
128.85	0.0230137165
128.9	0.02340682675
128.95	0.0238104885
129.0	0.024225098
129.05	0.024651058
129.1	0.02508880525
129.15	0.02553878775
129.2	0.026001483
129.25	0.026477385
129.3	0.02696702225
129.35	0.02747093725
129.4	0.027989710875
129.45	0.02852394925
129.5	0.029074295
129.55	0.02964141925
129.6	0.0302260345
129.65	0.03082888825
129.7	0.03145077025
129.75	0.03209251475
129.8	0.03275500675
129.85	0.0334391735
129.9	0.034146001
129.95	0.03487653775
130.0	0.03563188475
130.05	0.0364137065
130.1	0.037268200625
130.15	0.0424516265
130.2	0.04335697275
130.25	0.0442942595
130.3	0.0452650885
130.35	0.04627115825
130.4	0.0473142795
130.45	0.048396384
130.5	0.04951953175
130.55	0.050685936
130.6	0.05189794675
130.65	0.053158092
130.7	0.05446907925
130.75	0.05583380775
130.8	0.057255397
130.85	0.0587372025
130.9	0.06028283125
130.95	0.0618961725
131.0	0.06358141725
131.05	0.06534310425
131.1	0.06718613125
131.15	0.069115805
131.2	0.0711378875
131.25	0.07325863125
131.3	0.07548483
131.35	0.07782389725
131.4	0.08028389375
131.45	0.0828736515
131.5	0.085602825
131.55	0.08848200375
131.6	0.09152278125
131.65	0.094737963
131.7	0.09814163125
131.75	0.101749317
131.8	0.10557825075
131.85	0.10964748875
131.9	0.11397823475
131.95	0.11859408775
132.0	0.12352138125
132.05	0.12878959775
132.1	0.13443178875
132.15	0.14048514675
132.2	0.14699161625
132.25	0.15399859375
132.3	0.1615598865
132.35	0.1697367395
132.4	0.178599015
132.45	0.18822680925
132.5	0.19871219025
132.55	0.210161544
132.6	0.2226983625
132.65	0.2364669375
132.7	0.2516374075
132.75	0.2684128175
132.8	0.287039785
132.85	0.307825365
132.9	0.33116342475
132.95	0.35757784525
133.0	0.38779006225
133.05	0.422823407
133.1	0.46415591225
133.15	0.5139335275
133.2	0.57524527625
133.25	0.65244898275
133.3	0.75150793375
133.35	0.8802670075
133.4	1.04856115
133.45	1.26802718475
133.5	1.5514883355
133.55	1.91182377
133.6	2.3603069635
133.65	2.90447905625
133.7	3.54567212975
133.75	4.2762083515
133.8	5.07610711475
133.85	5.9089968005
133.9	6.717556282
133.95	7.42142647875
134.0	7.9247408625
134.05	8.14057523125
134.1	8.0264047775
134.15	7.605671315
134.2	6.95559964125
134.25	6.17279926125
134.3	5.343835485
134.35	4.53304723
134.4	3.78267655875
134.45	3.1171810225
134.5	2.547579505
134.55	2.0749547825
134.6	1.69337539
134.65	1.3924639905
134.7	1.1596419
134.75	0.9819404725
134.8	0.8472956795
134.85	0.7453120475
134.9	0.6675674275
134.95	0.6075795725
135.0	0.56056874
135.05	0.5231297625
135.1	0.4928979575
135.15	0.4682568725
135.2	0.44810674
135.25	0.43169471
135.3	0.418498635
135.35	0.4081498825
135.4	0.40038569
135.45	0.395019255
135.5	0.3919223825
135.55	0.3910153025
135.6	0.3922608275
135.65	0.39566246
135.7	0.4012644825
135.75	0.409155285
135.8	0.4194743725
135.85	0.43242465
135.9	0.4482932025
135.95	0.4674850125
136.0	0.490574925
136.05	0.518386035
136.1	0.552102875
136.15	0.593425345
136.2	0.6447675925
136.25	0.7094940875
136.3	0.79217222
136.35	0.89880164
136.4	1.03695715
136.45	1.2157659875
136.5	1.445631755
136.55	1.73762937
136.6	2.10252942
136.65	2.5494609
136.7	3.084271895
136.75	3.707662875
136.8	4.413113025
136.85	5.1844827875
136.9	5.99309434
136.95	6.794376075
137.0	7.5255309875
137.05	8.1082323625
137.1	8.4619069925
137.15	8.528259355
137.2	8.2953481175
137.25	7.803143545
137.3	7.1257743125
137.35	6.344987895
137.4	5.531311345
137.45	4.73726999
137.5	3.998159535
137.55	3.335262815
137.6	2.759024875
137.65	2.27166165
137.7	1.8693503325
137.75	1.5441853075
137.8	1.2859246
137.85	1.083471175
137.9	0.9260128125
137.95	0.803788755
138.0	0.70850326
138.05	0.633449925
138.1	0.573430825
138.15	0.5245564375
138.2	0.4839963825
138.25	0.4497322325
138.3	0.420339665
138.35	0.3948142425
138.4	0.37244001
138.45	0.35269607
138.5	0.3351926
138.55	0.3196290275
138.6	0.30576655
138.65	0.2934109175
138.7	0.282401
138.75	0.2726015625
138.8	0.263898045
138.85	0.2561930125
138.9	0.2494034175
138.95	0.243458575
139.0	0.238298375
139.05	0.2338721575
139.1	0.2301374125
139.15	0.22705904
139.2	0.22460862
139.25	0.2227638525
139.3	0.221508085
139.35	0.220830075
139.4	0.2207236275
139.45	0.2211876375
139.5	0.22222593
139.55	0.2238473525
139.6	0.2260659545
139.65	0.22890115
139.7	0.2323780975
139.75	0.236528125
139.8	0.2413893675
139.85	0.2470074245
139.9	0.2534363875
139.95	0.2607399
140.0	0.2689927925
140.05	0.27828319
140.1	0.2887152345
140.15	0.30041320875
140.2	0.3135274725
140.25	0.3282432995
140.3	0.34479389
140.35	0.3634801445
140.4	0.3846991875
140.45	0.4089855325
140.5	0.4370678425
140.55	0.469945255
140.6	0.50898483
140.65	0.556038926
140.7	0.613577857
140.75	0.68482504875
140.8	0.7738754805
140.85	0.88576824125
140.9	1.02647861775
140.95	1.20279295975
141.0	1.42202962025
141.05	1.69158563375
141.1	2.01830445625
141.15	2.407680817
141.2	2.86294033225
141.25	3.384020384
141.3	3.9664646875
141.35	4.600172271
141.4	5.2679157505
141.45	5.94361504525
141.5	6.590759383
141.55	7.1622805635
141.6	7.604162168
141.65	7.86486359375
141.7	7.9093205225
141.75	7.7311009415
141.8	7.3548606195
141.85	6.827314365
141.9	6.2029655255
141.95	5.5323989785
142.0	4.856485633
142.05	4.20532893175
142.1	3.59948233775
142.15	3.051701597
142.2	2.56853848025
142.25	2.1516720225
142.3	1.79906366825
142.35	1.506007374
142.4	1.2660932945
142.45	1.0720577495
142.5	0.91648367975
142.55	0.792326266
142.6	0.69325992825
142.65	0.61386138025
142.7	0.54966026975
142.75	0.4970937875
142.8	0.4534029795
142.85	0.416501437
142.9	0.38483955575
142.95	0.357280276
143.0	0.3329930115
143.05	0.311369144
143.1	0.291957862
143.15	0.27441891
143.2	0.258489434
143.25	0.2439612635
143.3	0.23066519775
143.35	0.2184607065
143.4	0.2072289865
143.45	0.196868126
143.5	0.18728985975
143.55	0.178417003
143.6	0.17018185425
143.65	0.1625130125
143.7	0.15082207475
143.75	0.1442146625
143.8	0.138042471
143.85	0.132268099
143.9	0.12685798975
143.95	0.12178206525
144.0	0.1170132705
144.05	0.1125272
144.1	0.108301847
144.15	0.10431728525
144.2	0.10055542225
144.25	0.09699987775
144.3	0.09363571025
144.35	0.09044931375
144.4	0.08742827875
144.45	0.08456125675
144.5	0.081837837
144.55	0.0792485055
144.6	0.0767844875
144.65	0.0744377395
144.7	0.07220085925
144.75	0.07006700225
144.8	0.06802986
144.85	0.066083594
144.9	0.06422281125
144.95	0.06244249875
145.0	0.060738025125
145.05	0.05910507575
145.1	0.05753964475
145.15	0.05603800125
145.2	0.054596678375
145.25	0.05321242725
145.3	0.05188222575
145.35	0.05060325725
145.4	0.04937287225
145.45	0.04818860175
145.5	0.047048125
145.55	0.04594927375
145.6	0.044890012
145.65	0.0438684245
145.7	0.042882706
145.75	0.041931175
145.8	0.04101222775
145.85	0.04012437525
145.9	0.0392662
145.95	0.0384363685
146.0	0.03763361675
146.05	0.03685675975
146.1	0.03610467175
146.15	0.03537629125
146.2	0.03467060975
146.25	0.033986676375
146.3	0.0333235875
146.35	0.0326804855
146.4	0.0320565565
146.45	0.031451038
146.5	0.03086318925
146.55	0.030292319625
146.6	0.0297377607
146.65	0.029198890025
146.7	0.028675108025
146.75	0.028165841
146.8	0.027670550525
146.85	0.02718871275
146.9	0.026719837875
146.95	0.02626345525
147.0	0.0258191155
147.05	0.025386385
147.1	0.02496485855
147.15	0.02455414255
147.2	0.0241538582
147.25	0.02376365525
147.3	0.023383186725
147.35	0.023012111
147.4	0.022643396625
147.45	0.017527505
147.5	0.0172286825
147.55	0.016937425
147.6	0.01665348375
147.65	0.01637661
147.7	0.0161065775
147.75	0.01584316
147.8	0.01558614325
147.85	0.0153353225
147.9	0.015090501
147.95	0.0148514875
148.0	0.0146181015
148.05	0.01439016675
148.1	0.0141675165
148.15	0.0139499875
148.2	0.01373742425
148.25	0.013529677
148.3	0.013326603
148.35	0.01312806075
148.4	0.0129339175
148.45	0.01274404575
148.5	0.01255832
148.55	0.01237662
148.6	0.012198832
148.65	0.01202484325
148.7	0.01185454625
148.75	0.0116878385
148.8	0.01152462
148.85	0.0113647925
148.9	0.01120826325
148.95	0.01105494425
149.0	0.01090474625
149.05	0.010757586
149.1	0.010613381
149.15	0.0104720555
149.2	0.01033353
149.25	0.0101977345
149.3	0.0100645945
149.35	0.0099340435
149.4	0.009806015
149.45	0.0096804425
149.5	0.009557264
149.55	0.009436421
149.6	0.0093178535
149.65	0.00920150625
149.7	0.00908732125
149.75	0.0089752475
149.8	0.0088652325
149.85	0.0087572275
149.9	0.0086511825
149.95	0.00854705
150.0	0.008444785
150.05	0.008344345
150.1	0.0082456825
150.15	0.0081487605
150.2	0.008053535
150.25	0.00795996925
150.3	0.00786802175
150.35	0.00777765825
150.4	0.00768884125
150.45	0.00760153625
150.5	0.007515709
150.55	0.007431326
150.6	0.00734835575
150.65	0.007266766
150.7	0.007186527
150.75	0.0071076085
150.8	0.0070299825
150.85	0.00695362075
150.9	0.006878495
150.95	0.00680458025
151.0	0.00673184975
151.05	0.006660278
151.1	0.006589841
151.15	0.00652051525
151.2	0.0064522775
151.25	0.00638510375
151.3	0.00631897375
151.35	0.006253865
151.4	0.0061897575
151.45	0.00612662975
151.5	0.006064462
151.55	0.0060032355
151.6	0.005942931
151.65	0.00588353025
151.7	0.00582501525
151.75	0.00576736825
151.8	0.005710573
151.85	0.0056546115
151.9	0.0055994685
151.95	0.00554512825
152.0	0.00549157375
152.05	0.005438792
152.1	0.0053867665
152.15	0.00533548425
152.2	0.0052849305
152.25	0.00523509075
152.3	0.005185953
152.35	0.0051375035
152.4	0.0050897295
152.45	0.0050426185
152.5	0.00499615875
152.55	0.004950337
152.6	0.00490514275
152.65	0.0048605645
152.7	0.00481659125
152.75	0.00477321175
152.8	0.0047304145
152.85	0.00468819075
152.9	0.00464653
152.95	0.00460542125
153.0	0.00456485575
153.05	0.00452482325
153.1	0.004485315
153.15	0.004446322
153.2	0.00440599675
153.25	0.0
153.3	0.0
153.35	0.0
153.4	0.0
153.45	0.0
153.5	0.0
153.55	0.0
153.6	0.0
153.65	0.0
153.7	0.0
153.75	0.0
153.8	0.0
153.85	0.0
153.9	0.0
153.95	0.0
154.0	0.0
154.05	0.0
154.1	0.0
154.15	0.0
154.2	0.0
154.25	0.0
154.3	0.0
154.35	0.0
154.4	0.0
154.45	0.0
154.5	0.0
154.55	0.0
154.6	0.0
154.65	0.0
154.7	0.0
154.75	0.0
154.8	0.0
154.85	0.0
154.9	0.0
154.95	0.0
155.0	0.0
155.05	0.0
155.1	0.0
155.15	0.0
155.2	0.0
155.25	0.0
155.3	0.0
155.35	0.0
155.4	0.0
155.45	0.0
155.5	0.0
155.55	0.0
155.6	0.0
155.65	0.0
155.7	0.0
155.75	0.0
155.8	0.0
155.85	0.0
155.9	0.0
155.95	0.0
156.0	0.0
156.05	0.0
156.1	0.0
156.15	0.0
156.2	0.0
156.25	0.0
156.3	0.0
156.35	0.0
156.4	0.0
156.45	0.0
156.5	0.0
156.55	0.0
156.6	0.0
156.65	0.0
156.7	0.0
156.75	0.0
156.8	0.0
156.85	0.0
156.9	0.0
156.95	0.0
157.0	0.0
157.05	0.0
157.1	0.0
157.15	0.0
157.2	0.0
157.25	0.0
157.3	0.0
157.35	0.0
157.4	0.0
157.45	0.0
157.5	0.0
157.55	0.0
157.6	0.0
157.65	0.0
157.7	0.0
157.75	0.0
157.8	0.0
157.85	0.0
157.9	0.0
157.95	0.0
158.0	0.0
158.05	0.0
158.1	0.0
158.15	0.0
158.2	0.0
158.25	0.0
158.3	0.0
158.35	0.0
158.4	0.0
158.45	0.0
158.5	0.0
158.55	0.0
158.6	0.0
158.65	0.0
158.7	0.0
158.75	0.0
158.8	0.0
158.85	0.0
158.9	0.0
158.95	0.0
159.0	0.0
159.05	0.0
159.1	0.0
159.15	0.0
159.2	0.0
159.25	0.0
159.3	0.0
159.35	0.0
159.4	0.0
159.45	0.0
159.5	0.0
159.55	0.0
159.6	0.0
159.65	0.0
159.7	0.0
159.75	0.0
159.8	0.0
159.85	0.0
159.9	0.0
159.95	0.0
160.0	0.0
160.05	0.0
160.1	0.0
160.15	0.0
160.2	0.0
160.25	0.0
160.3	0.0
160.35	0.0
160.4	0.0
160.45	0.0
160.5	0.0
160.55	0.0
160.6	0.0
160.65	0.0
160.7	0.0
160.75	0.0
160.8	0.0
160.85	0.0
160.9	0.0
160.95	0.0
161.0	0.0
161.05	0.0
161.1	0.0
161.15	0.0
161.2	0.0
161.25	0.0
161.3	0.0
161.35	0.0
161.4	0.0
161.45	0.0
161.5	0.0
161.55	0.0
161.6	0.0
161.65	0.0
161.7	0.0
161.75	0.0
161.8	0.0
161.85	0.0
161.9	0.0
161.95	0.0
162.0	0.0
162.05	0.0
162.1	0.0
162.15	0.0
162.2	0.0
162.25	0.0
162.3	0.0
162.35	0.0
162.4	0.0
162.45	0.0
162.5	0.0
162.55	0.0
162.6	0.0
162.65	0.0
162.7	0.0
162.75	0.0
162.8	0.0
162.85	0.0
162.9	0.0
162.95	0.0
163.0	0.0
163.05	0.0
163.1	0.0
163.15	0.0
163.2	0.0
163.25	0.0
163.3	0.0
163.35	0.0
163.4	0.0
163.45	0.0
163.5	0.0
163.55	0.0
163.6	0.0
163.65	0.0
163.7	0.0
163.75	0.0
163.8	0.0
163.85	0.0
163.9	0.0
163.95	0.0
164.0	0.0
164.05	0.0
164.1	0.0
164.15	0.0
164.2	0.0
164.25	0.0
164.3	0.0
164.35	0.0
164.4	0.0
164.45	0.0
164.5	0.0
164.55	0.0
164.6	0.0
164.65	0.0
164.7	0.0
164.75	0.0
164.8	0.0
164.85	0.0
164.9	0.0
164.95	0.0
165.0	0.0
165.05	0.0
165.1	0.0
165.15	0.0
165.2	0.0
165.25	0.0
165.3	0.0
165.35	0.0
165.4	0.0
165.45	0.0
165.5	0.0
165.55	0.0
165.6	0.0
165.65	0.0
165.7	0.0
165.75	0.0
165.8	0.0
165.85	0.0
165.9	0.0
165.95	0.0
166.0	0.0
166.05	0.0
166.1	0.0
166.15	0.0
166.2	0.0
166.25	0.0
166.3	0.0
166.35	0.0
166.4	0.0
166.45	0.0
166.5	0.0
166.55	0.0
166.6	0.0
166.65	0.0
166.7	0.0
166.75	0.0
166.8	0.0
166.85	0.0
166.9	0.0
166.95	0.0
167.0	0.0
167.05	0.0
167.1	0.0
167.15	0.0
167.2	0.0
167.25	0.0
167.3	0.0
167.35	0.0
167.4	0.0
167.45	0.0
167.5	0.0
167.55	0.0
167.6	0.0
167.65	0.0
167.7	0.0
167.75	0.0
167.8	0.0
167.85	0.0
167.9	0.0
167.95	0.0
168.0	0.0
168.05	0.0
168.1	0.0
168.15	0.0
168.2	0.0
168.25	0.0
168.3	0.0
168.35	0.0
168.4	0.0
168.45	0.0
168.5	0.0
168.55	0.0
168.6	0.0
168.65	0.0
168.7	0.0
168.75	0.0
168.8	0.0
168.85	0.0
168.9	0.0
168.95	0.0
169.0	0.0
169.05	0.0
169.1	0.0
169.15	0.0
169.2	0.0
169.25	0.0
169.3	0.0
169.35	0.0
169.4	0.0
169.45	0.0
169.5	0.0
169.55	0.0
169.6	0.0
169.65	0.0
169.7	0.0
169.75	0.0
169.8	0.0
169.85	0.0
169.9	0.0
169.95	0.0
170.0	0.0
170.05	0.0
170.1	0.0
170.15	0.0
170.2	0.0
170.25	0.0
170.3	0.0
170.35	0.0
170.4	0.0
170.45	0.0
170.5	0.0
170.55	0.0
170.6	0.0
170.65	0.0
170.7	0.0
170.75	0.0
170.8	0.0
170.85	0.0
170.9	0.0
170.95	0.0
171.0	0.0
171.05	0.0
171.1	0.0
171.15	0.0
171.2	0.0
171.25	0.0
171.3	0.0
171.35	0.0
171.4	0.0
171.45	0.0
171.5	0.0
171.55	0.0
171.6	0.0
171.65	0.0
171.7	0.0
171.75	0.0
171.8	0.0
171.85	0.0
171.9	0.0
171.95	0.0
172.0	0.0
172.05	0.0
172.1	0.0
172.15	0.0
172.2	0.0
172.25	0.0
172.3	0.0
172.35	0.0
172.4	0.0
172.45	0.0
172.5	0.0
172.55	0.0
172.6	0.0
172.65	0.0
172.7	0.0
172.75	0.0
172.8	0.0
172.85	0.0
172.9	0.0
172.95	0.0
173.0	0.0
173.05	0.0
173.1	0.0
173.15	0.0
173.2	0.0
173.25	0.0
173.3	0.0
173.35	0.0
173.4	0.0
173.45	0.0
173.5	0.0
173.55	0.0
173.6	0.0
173.65	0.0
173.7	0.0
173.75	0.0
173.8	0.0
173.85	0.0
173.9	0.0
173.95	0.0
174.0	0.0
174.05	0.0
174.1	0.0
174.15	0.0
174.2	0.0
174.25	0.0
174.3	0.0
174.35	0.0
174.4	0.0
174.45	0.0
174.5	0.0
174.55	0.0
174.6	0.0
174.65	0.0
174.7	0.0
174.75	0.0
174.8	0.0
174.85	0.0
174.9	0.0
174.95	0.0
175.0	0.0
175.05	0.0
175.1	0.0
175.15	0.0
175.2	0.0
175.25	0.0
175.3	0.0
175.35	0.0
175.4	0.0
175.45	0.0
175.5	0.0
175.55	0.0
175.6	0.0
175.65	0.0
175.7	0.0
175.75	0.0
175.8	0.0
175.85	0.0
175.9	0.0
175.95	0.0
176.0	0.0
176.05	0.0
176.1	0.0
176.15	0.0
176.2	0.0
176.25	0.0
176.3	0.0
176.35	0.0
176.4	0.0
176.45	0.0
176.5	0.0
176.55	0.0
176.6	0.0
176.65	0.0
176.7	0.0
176.75	0.0
176.8	0.0
176.85	0.0
176.9	0.0
176.95	0.0
177.0	0.0
177.05	0.0
177.1	0.0
177.15	0.0
177.2	0.0
177.25	0.0
177.3	0.0
177.35	0.0
177.4	0.0
177.45	0.0
177.5	0.0
177.55	0.0
177.6	0.0
177.65	0.0
177.7	0.0
177.75	0.0
177.8	0.0
177.85	0.0
177.9	0.0
177.95	0.0
178.0	0.0
178.05	0.0
178.1	0.0
178.15	0.0
178.2	0.0
178.25	0.0
178.3	0.0
178.35	0.0
178.4	0.0
178.45	0.0
178.5	0.0
178.55	0.0
178.6	0.0
178.65	0.0
178.7	0.0
178.75	0.0
178.8	0.0
178.85	0.0
178.9	0.0
178.95	0.0
179.0	0.0
179.05	0.0
179.1	0.0
179.15	0.0
179.2	0.0
179.25	0.0
179.3	0.0
179.35	0.0
179.4	0.0
179.45	0.0
179.5	0.0
179.55	0.0
179.6	0.0
179.65	0.0
179.7	0.0
179.75	0.0
179.8	0.0
179.85	0.0
179.9	0.0
