# Tilt	Rotation	mrd
0.00	0.00	0.00
3.00	0.00	0.00
3.00	60.00	0.00
3.00	120.00	0.00
3.00	180.00	0.00
3.00	240.00	0.00
3.00	300.00	0.00
5.20	30.00	0.00
5.20	150.00	0.00
5.20	210.00	0.00
5.20	330.00	0.00
5.20	90.00	0.00
5.20	270.00	0.00
6.00	0.00	0.00
6.00	60.00	0.00
6.00	120.00	0.00
6.00	180.00	0.00
6.00	240.00	0.00
6.00	300.00	0.00
7.94	40.89	0.00
7.94	139.11	0.00
7.94	220.89	0.00
7.94	319.11	0.00
7.94	19.11	0.00
7.94	79.11	0.00
7.94	100.89	0.00
7.94	160.89	0.00
7.94	199.11	0.00
7.94	259.11	0.00
7.94	280.89	0.00
7.94	340.89	0.00
9.01	0.00	0.00
9.01	60.00	0.00
9.01	120.00	0.00
9.01	180.00	0.00
9.01	240.00	0.00
9.01	300.00	0.00
10.41	30.00	0.00
10.41	150.00	0.00
10.41	210.00	0.00
10.41	330.00	0.00
10.41	90.00	0.00
10.41	270.00	0.00
10.83	13.90	0.00
10.83	166.10	0.00
10.83	193.90	0.00
10.83	346.10	0.00
10.83	46.10	0.00
10.83	73.90	0.00
10.83	106.10	0.00
10.83	133.90	0.00
10.83	226.10	0.00
10.83	253.90	0.00
10.83	286.10	0.00
10.83	313.90	0.00
12.02	0.00	0.00
12.02	60.00	0.00
12.02	120.00	0.00
12.02	180.00	0.00
12.02	240.00	0.00
12.02	300.00	0.00
13.11	23.41	0.00
13.11	36.59	0.00
13.11	83.41	0.00
13.11	96.59	0.00
13.11	143.41	0.00
13.11	156.59	0.00
13.11	203.41	0.00
13.11	216.59	0.00
13.11	263.41	0.00
13.11	276.59	0.00
13.11	323.41	0.00
13.11	336.59	0.00
13.78	10.89	0.00
13.78	49.11	0.00
13.78	70.89	0.00
13.78	109.11	0.00
13.78	130.89	0.00
13.78	169.11	0.00
13.78	190.89	0.00
13.78	229.11	0.00
13.78	250.89	0.00
13.78	289.11	0.00
13.78	310.89	0.00
13.78	349.11	0.00
15.04	60.00	0.00
15.04	120.00	0.00
15.04	240.00	0.00
15.04	300.00	0.00
15.04	0.00	0.00
15.04	180.00	0.00
15.64	30.00	0.00
15.64	90.00	0.00
15.64	150.00	0.00
15.64	210.00	0.00
15.64	270.00	0.00
15.64	330.00	0.00
15.93	40.89	0.00
15.93	139.11	0.00
15.93	220.89	0.00
15.93	319.11	0.00
15.93	19.11	0.00
15.93	79.11	0.00
15.93	100.89	0.00
15.93	160.89	0.00
15.93	199.11	0.00
15.93	259.11	0.00
15.93	280.89	0.00
15.93	340.89	0.00
16.76	8.95	0.00
16.76	51.05	0.00
16.76	68.95	0.00
16.76	111.05	0.00
16.76	128.95	0.00
16.76	171.05	0.00
16.76	188.95	0.00
16.76	231.05	0.00
16.76	248.95	0.00
16.76	291.05	0.00
16.76	308.95	0.00
16.76	351.05	0.00
18.07	0.00	0.00
18.07	180.00	0.00
18.07	60.00	0.00
18.07	120.00	0.00
18.07	240.00	0.00
18.07	300.00	0.00
18.33	25.28	0.00
18.33	85.28	0.00
18.33	94.72	0.00
18.33	154.72	0.00
18.33	205.28	0.00
18.33	265.28	0.00
18.33	274.72	0.00
18.33	334.72	0.00
18.33	34.72	0.00
18.33	145.28	0.00
18.33	214.72	0.00
18.33	325.28	0.00
18.82	16.10	0.00
18.82	76.10	0.00
18.82	103.90	0.00
18.82	163.90	0.00
18.82	196.10	0.00
18.82	256.10	0.00
18.82	283.90	0.00
18.82	343.90	0.00
18.82	43.90	0.00
18.82	136.10	0.00
18.82	223.90	0.00
18.82	316.10	0.00
19.77	7.59	0.00
19.77	172.41	0.00
19.77	187.59	0.00
19.77	352.41	0.00
19.77	52.41	0.00
19.77	67.59	0.00
19.77	112.41	0.00
19.77	127.59	0.00
19.77	232.41	0.00
19.77	247.59	0.00
19.77	292.41	0.00
19.77	307.59	0.00
20.90	30.00	0.00
20.90	150.00	0.00
20.90	210.00	0.00
20.90	330.00	0.00
20.90	90.00	0.00
20.90	270.00	0.00
21.12	0.00	0.00
21.12	21.79	0.00
21.12	38.21	0.00
21.12	60.00	0.00
21.12	81.79	0.00
21.12	98.21	0.00
21.12	120.00	0.00
21.12	141.79	0.00
21.12	158.21	0.00
21.12	180.00	0.00
21.12	201.79	0.00
21.12	218.21	0.00
21.12	240.00	0.00
21.12	261.79	0.00
21.12	278.21	0.00
21.12	300.00	0.00
21.12	321.79	0.00
21.12	338.21	0.00
21.76	13.90	0.00
21.76	166.10	0.00
21.76	193.90	0.00
21.76	346.10	0.00
21.76	46.10	0.00
21.76	73.90	0.00
21.76	106.10	0.00
21.76	133.90	0.00
21.76	226.10	0.00
21.76	253.90	0.00
21.76	286.10	0.00
21.76	313.90	0.00
22.80	6.59	0.00
22.80	53.41	0.00
22.80	126.59	0.00
22.80	173.41	0.00
22.80	186.59	0.00
22.80	233.41	0.00
22.80	306.59	0.00
22.80	353.41	0.00
22.80	66.59	0.00
22.80	113.41	0.00
22.80	246.59	0.00
22.80	293.41	0.00
23.60	26.33	0.00
23.60	33.67	0.00
23.60	146.33	0.00
23.60	153.67	0.00
23.60	206.33	0.00
23.60	213.67	0.00
23.60	326.33	0.00
23.60	333.67	0.00
23.60	86.33	0.00
23.60	93.67	0.00
23.60	266.33	0.00
23.60	273.67	0.00
23.99	19.11	0.00
23.99	40.89	0.00
23.99	139.11	0.00
23.99	160.89	0.00
23.99	199.11	0.00
23.99	220.89	0.00
23.99	319.11	0.00
23.99	340.89	0.00
23.99	79.11	0.00
23.99	100.89	0.00
23.99	259.11	0.00
23.99	280.89	0.00
24.18	0.00	0.00
24.18	60.00	0.00
24.18	120.00	0.00
24.18	180.00	0.00
24.18	240.00	0.00
24.18	300.00	0.00
24.75	47.78	0.00
24.75	132.22	0.00
24.75	227.78	0.00
24.75	312.22	0.00
24.75	12.22	0.00
24.75	167.78	0.00
24.75	192.22	0.00
24.75	347.78	0.00
24.75	72.22	0.00
24.75	107.78	0.00
24.75	252.22	0.00
24.75	287.78	0.00
25.85	5.82	0.00
25.85	54.18	0.00
25.85	125.82	0.00
25.85	174.18	0.00
25.85	185.82	0.00
25.85	234.18	0.00
25.85	305.82	0.00
25.85	354.18	0.00
25.85	65.82	0.00
25.85	114.18	0.00
25.85	245.82	0.00
25.85	294.18	0.00
26.21	30.00	0.00
26.21	90.00	0.00
26.21	150.00	0.00
26.21	210.00	0.00
26.21	270.00	0.00
26.21	330.00	0.00
26.39	23.41	0.00
26.39	36.59	0.00
26.39	83.41	0.00
26.39	96.59	0.00
26.39	143.41	0.00
26.39	156.59	0.00
26.39	203.41	0.00
26.39	216.59	0.00
26.39	263.41	0.00
26.39	276.59	0.00
26.39	323.41	0.00
26.39	336.59	0.00
26.91	43.00	0.00
26.91	137.00	0.00
26.91	223.00	0.00
26.91	317.00	0.00
26.91	17.00	0.00
26.91	77.00	0.00
26.91	103.00	0.00
26.91	163.00	0.00
26.91	197.00	0.00
26.91	257.00	0.00
26.91	283.00	0.00
26.91	343.00	0.00
27.26	0.00	0.00
27.26	60.00	0.00
27.26	120.00	0.00
27.26	180.00	0.00
27.26	240.00	0.00
27.26	300.00	0.00
27.77	10.89	0.00
27.77	49.11	0.00
27.77	70.89	0.00
27.77	109.11	0.00
27.77	130.89	0.00
27.77	169.11	0.00
27.77	190.89	0.00
27.77	229.11	0.00
27.77	250.89	0.00
27.77	289.11	0.00
27.77	310.89	0.00
27.77	349.11	0.00
28.92	5.21	0.00
28.92	27.00	0.00
28.92	33.00	0.00
28.92	54.79	0.00
28.92	65.21	0.00
28.92	87.00	0.00
28.92	93.00	0.00
28.92	114.79	0.00
28.92	125.21	0.00
28.92	147.00	0.00
28.92	153.00	0.00
28.92	174.79	0.00
28.92	185.21	0.00
28.92	207.00	0.00
28.92	213.00	0.00
28.92	234.79	0.00
28.92	245.21	0.00
28.92	267.00	0.00
28.92	273.00	0.00
28.92	294.79	0.00
28.92	305.21	0.00
28.92	327.00	0.00
28.92	333.00	0.00
28.92	354.79	0.00
29.25	21.05	0.00
29.25	38.95	0.00
29.25	81.05	0.00
29.25	98.95	0.00
29.25	141.05	0.00
29.25	158.95	0.00
29.25	201.05	0.00
29.25	218.95	0.00
29.25	261.05	0.00
29.25	278.95	0.00
29.25	321.05	0.00
29.25	338.95	0.00
29.88	15.30	0.00
29.88	44.70	0.00
29.88	75.30	0.00
29.88	104.70	0.00
29.88	135.30	0.00
29.88	164.70	0.00
29.88	195.30	0.00
29.88	224.70	0.00
29.88	255.30	0.00
29.88	284.70	0.00
29.88	315.30	0.00
29.88	344.70	0.00
30.35	60.00	0.00
30.35	120.00	0.00
30.35	240.00	0.00
30.35	300.00	0.00
30.35	0.00	0.00
30.35	180.00	0.00
30.82	50.17	0.00
30.82	69.83	0.00
30.82	110.17	0.00
30.82	129.83	0.00
30.82	230.17	0.00
30.82	249.83	0.00
30.82	290.17	0.00
30.82	309.83	0.00
30.82	9.83	0.00
30.82	170.17	0.00
30.82	189.83	0.00
30.82	350.17	0.00
31.57	30.00	0.00
31.57	90.00	0.00
31.57	150.00	0.00
31.57	210.00	0.00
31.57	270.00	0.00
31.57	330.00	0.00
31.72	35.50	0.00
31.72	144.50	0.00
31.72	215.50	0.00
31.72	324.50	0.00
31.72	24.50	0.00
31.72	84.50	0.00
31.72	95.50	0.00
31.72	155.50	0.00
31.72	204.50	0.00
31.72	264.50	0.00
31.72	275.50	0.00
31.72	335.50	0.00
32.02	55.28	0.00
32.02	64.72	0.00
32.02	115.28	0.00
32.02	124.72	0.00
32.02	235.28	0.00
32.02	244.72	0.00
32.02	295.28	0.00
32.02	304.72	0.00
32.02	4.72	0.00
32.02	175.28	0.00
32.02	184.72	0.00
32.02	355.28	0.00
32.17	19.11	0.00
32.17	40.89	0.00
32.17	79.11	0.00
32.17	100.89	0.00
32.17	139.11	0.00
32.17	160.89	0.00
32.17	199.11	0.00
32.17	220.89	0.00
32.17	259.11	0.00
32.17	280.89	0.00
32.17	319.11	0.00
32.17	340.89	0.00
32.90	46.10	0.00
32.90	73.90	0.00
32.90	106.10	0.00
32.90	133.90	0.00
32.90	226.10	0.00
32.90	253.90	0.00
32.90	286.10	0.00
32.90	313.90	0.00
32.90	13.90	0.00
32.90	166.10	0.00
32.90	193.90	0.00
32.90	346.10	0.00
33.47	0.00	0.00
33.47	60.00	0.00
33.47	120.00	0.00
33.47	180.00	0.00
33.47	240.00	0.00
33.47	300.00	0.00
33.90	8.95	0.00
33.90	51.05	0.00
33.90	68.95	0.00
33.90	111.05	0.00
33.90	128.95	0.00
33.90	171.05	0.00
33.90	188.95	0.00
33.90	231.05	0.00
33.90	248.95	0.00
33.90	291.05	0.00
33.90	308.95	0.00
33.90	351.05	0.00
34.32	27.46	0.00
34.32	32.54	0.00
34.32	87.46	0.00
34.32	92.54	0.00
34.32	147.46	0.00
34.32	152.54	0.00
34.32	207.46	0.00
34.32	212.54	0.00
34.32	267.46	0.00
34.32	272.54	0.00
34.32	327.46	0.00
34.32	332.54	0.00
34.60	37.59	0.00
34.60	82.41	0.00
34.60	97.59	0.00
34.60	142.41	0.00
34.60	217.59	0.00
34.60	262.41	0.00
34.60	277.59	0.00
34.60	322.41	0.00
34.60	22.41	0.00
34.60	157.59	0.00
34.60	202.41	0.00
34.60	337.59	0.00
35.15	4.31	0.00
35.15	17.48	0.00
35.15	42.52	0.00
35.15	55.69	0.00
35.15	64.31	0.00
35.15	77.48	0.00
35.15	102.52	0.00
35.15	115.69	0.00
35.15	124.31	0.00
35.15	137.48	0.00
35.15	162.52	0.00
35.15	175.69	0.00
35.15	184.31	0.00
35.15	197.48	0.00
35.15	222.52	0.00
35.15	235.69	0.00
35.15	244.31	0.00
35.15	257.48	0.00
35.15	282.52	0.00
35.15	295.69	0.00
35.15	304.31	0.00
35.15	317.48	0.00
35.15	342.52	0.00
35.15	355.69	0.00
35.96	12.73	0.00
35.96	47.27	0.00
35.96	72.73	0.00
35.96	107.27	0.00
35.96	132.73	0.00
35.96	167.27	0.00
35.96	192.73	0.00
35.96	227.27	0.00
35.96	252.73	0.00
35.96	287.27	0.00
35.96	312.73	0.00
35.96	347.27	0.00
36.62	0.00	0.00
36.62	180.00	0.00
36.62	60.00	0.00
36.62	120.00	0.00
36.62	240.00	0.00
36.62	300.00	0.00
37.01	8.21	0.00
37.01	51.79	0.00
37.01	90.00	0.00
37.01	128.21	0.00
37.01	171.79	0.00
37.01	188.21	0.00
37.01	231.79	0.00
37.01	270.00	0.00
37.01	308.21	0.00
37.01	351.79	0.00
37.01	30.00	0.00
37.01	68.21	0.00
37.01	111.79	0.00
37.01	150.00	0.00
37.01	210.00	0.00
37.01	248.21	0.00
37.01	291.79	0.00
37.01	330.00	0.00
37.14	25.28	0.00
37.14	85.28	0.00
37.14	94.72	0.00
37.14	154.72	0.00
37.14	205.28	0.00
37.14	265.28	0.00
37.14	274.72	0.00
37.14	334.72	0.00
37.14	34.72	0.00
37.14	145.28	0.00
37.14	214.72	0.00
37.14	325.28	0.00
37.53	20.63	0.00
37.53	39.37	0.00
37.53	80.63	0.00
37.53	99.37	0.00
37.53	140.63	0.00
37.53	159.37	0.00
37.53	200.63	0.00
37.53	219.37	0.00
37.53	260.63	0.00
37.53	279.37	0.00
37.53	320.63	0.00
37.53	339.37	0.00
38.17	16.10	0.00
38.17	76.10	0.00
38.17	103.90	0.00
38.17	163.90	0.00
38.17	196.10	0.00
38.17	256.10	0.00
38.17	283.90	0.00
38.17	343.90	0.00
38.17	43.90	0.00
38.17	136.10	0.00
38.17	223.90	0.00
38.17	316.10	0.00
38.30	3.96	0.00
38.30	56.04	0.00
38.30	63.96	0.00
38.30	116.04	0.00
38.30	123.96	0.00
38.30	176.04	0.00
38.30	183.96	0.00
38.30	236.04	0.00
38.30	243.96	0.00
38.30	296.04	0.00
38.30	303.96	0.00
38.30	356.04	0.00
39.05	71.74	0.00
39.05	108.26	0.00
39.05	251.74	0.00
39.05	288.26	0.00
39.05	11.74	0.00
39.05	48.26	0.00
39.05	131.74	0.00
39.05	168.26	0.00
39.05	191.74	0.00
39.05	228.26	0.00
39.05	311.74	0.00
39.05	348.26	0.00
39.80	0.00	0.00
39.80	27.80	0.00
39.80	32.20	0.00
39.80	60.00	0.00
39.80	87.80	0.00
39.80	92.20	0.00
39.80	120.00	0.00
39.80	147.80	0.00
39.80	152.20	0.00
39.80	180.00	0.00
39.80	207.80	0.00
39.80	212.20	0.00
39.80	240.00	0.00
39.80	267.80	0.00
39.80	272.20	0.00
39.80	300.00	0.00
39.80	327.80	0.00
39.80	332.20	0.00
40.04	23.41	0.00
40.04	156.59	0.00
40.04	203.41	0.00
40.04	336.59	0.00
40.04	83.41	0.00
40.04	96.59	0.00
40.04	263.41	0.00
40.04	276.59	0.00
40.04	36.59	0.00
40.04	143.41	0.00
40.04	216.59	0.00
40.04	323.41	0.00
40.16	7.59	0.00
40.16	52.41	0.00
40.16	67.59	0.00
40.16	112.41	0.00
40.16	127.59	0.00
40.16	172.41	0.00
40.16	187.59	0.00
40.16	232.41	0.00
40.16	247.59	0.00
40.16	292.41	0.00
40.16	307.59	0.00
40.16	352.41	0.00
40.53	19.11	0.00
40.53	40.89	0.00
40.53	79.11	0.00
40.53	100.89	0.00
40.53	139.11	0.00
40.53	160.89	0.00
40.53	199.11	0.00
40.53	220.89	0.00
40.53	259.11	0.00
40.53	280.89	0.00
40.53	319.11	0.00
40.53	340.89	0.00
41.25	14.92	0.00
41.25	45.08	0.00
41.25	74.92	0.00
41.25	105.08	0.00
41.25	134.92	0.00
41.25	165.08	0.00
41.25	194.92	0.00
41.25	225.08	0.00
41.25	254.92	0.00
41.25	285.08	0.00
41.25	314.92	0.00
41.25	345.08	0.00
41.48	63.67	0.00
41.48	116.33	0.00
41.48	243.67	0.00
41.48	296.33	0.00
41.48	3.67	0.00
41.48	56.33	0.00
41.48	123.67	0.00
41.48	176.33	0.00
41.48	183.67	0.00
41.48	236.33	0.00
41.48	303.67	0.00
41.48	356.33	0.00
42.19	10.89	0.00
42.19	49.11	0.00
42.19	70.89	0.00
42.19	109.11	0.00
42.19	130.89	0.00
42.19	169.11	0.00
42.19	190.89	0.00
42.19	229.11	0.00
42.19	250.89	0.00
42.19	289.11	0.00
42.19	310.89	0.00
42.19	349.11	0.00
42.54	30.00	0.00
42.54	150.00	0.00
42.54	210.00	0.00
42.54	330.00	0.00
42.54	90.00	0.00
42.54	270.00	0.00
42.66	25.87	0.00
42.66	34.13	0.00
42.66	85.87	0.00
42.66	94.13	0.00
42.66	145.87	0.00
42.66	154.13	0.00
42.66	205.87	0.00
42.66	214.13	0.00
42.66	265.87	0.00
42.66	274.13	0.00
42.66	325.87	0.00
42.66	334.13	0.00
43.00	0.00	0.00
43.00	21.79	0.00
43.00	38.21	0.00
43.00	60.00	0.00
43.00	81.79	0.00
43.00	98.21	0.00
43.00	120.00	0.00
43.00	141.79	0.00
43.00	158.21	0.00
43.00	180.00	0.00
43.00	201.79	0.00
43.00	218.21	0.00
43.00	240.00	0.00
43.00	261.79	0.00
43.00	278.21	0.00
43.00	300.00	0.00
43.00	321.79	0.00
43.00	338.21	0.00
43.35	7.05	0.00
43.35	172.95	0.00
43.35	187.05	0.00
43.35	352.95	0.00
43.35	52.95	0.00
43.35	67.05	0.00
43.35	112.95	0.00
43.35	127.05	0.00
43.35	232.95	0.00
43.35	247.05	0.00
43.35	292.95	0.00
43.35	307.05	0.00
43.57	17.78	0.00
43.57	42.22	0.00
43.57	77.78	0.00
43.57	102.22	0.00
43.57	137.78	0.00
43.57	162.22	0.00
43.57	197.78	0.00
43.57	222.22	0.00
43.57	257.78	0.00
43.57	282.22	0.00
43.57	317.78	0.00
43.57	342.22	0.00
44.37	13.90	0.00
44.37	166.10	0.00
44.37	193.90	0.00
44.37	346.10	0.00
44.37	46.10	0.00
44.37	73.90	0.00
44.37	106.10	0.00
44.37	133.90	0.00
44.37	226.10	0.00
44.37	253.90	0.00
44.37	286.10	0.00
44.37	313.90	0.00
44.70	56.58	0.00
44.70	63.42	0.00
44.70	116.58	0.00
44.70	123.42	0.00
44.70	236.58	0.00
44.70	243.42	0.00
44.70	296.58	0.00
44.70	303.42	0.00
44.70	3.42	0.00
44.70	176.58	0.00
44.70	183.42	0.00
44.70	356.58	0.00
45.37	10.16	0.00
45.37	28.05	0.00
45.37	31.95	0.00
45.37	49.84	0.00
45.37	70.16	0.00
45.37	88.05	0.00
45.37	91.95	0.00
45.37	109.84	0.00
45.37	130.16	0.00
45.37	148.05	0.00
45.37	151.95	0.00
45.37	169.84	0.00
45.37	190.16	0.00
45.37	208.05	0.00
45.37	211.95	0.00
45.37	229.84	0.00
45.37	250.16	0.00
45.37	268.05	0.00
45.37	271.95	0.00
45.37	289.84	0.00
45.37	310.16	0.00
45.37	328.05	0.00
45.37	331.95	0.00
45.37	349.84	0.00
45.59	35.82	0.00
45.59	84.18	0.00
45.59	95.82	0.00
45.59	144.18	0.00
45.59	215.82	0.00
45.59	264.18	0.00
45.59	275.82	0.00
45.59	324.18	0.00
45.59	24.18	0.00
45.59	155.82	0.00
45.59	204.18	0.00
45.59	335.82	0.00
46.03	20.36	0.00
46.03	80.36	0.00
46.03	99.64	0.00
46.03	159.64	0.00
46.03	200.36	0.00
46.03	260.36	0.00
46.03	279.64	0.00
46.03	339.64	0.00
46.03	39.64	0.00
46.03	140.36	0.00
46.03	219.64	0.00
46.03	320.36	0.00
46.25	0.00	0.00
46.25	60.00	0.00
46.25	120.00	0.00
46.25	180.00	0.00
46.25	240.00	0.00
46.25	300.00	0.00
46.57	53.41	0.00
46.57	126.59	0.00
46.57	233.41	0.00
46.57	306.59	0.00
46.57	6.59	0.00
46.57	66.59	0.00
46.57	113.41	0.00
46.57	173.41	0.00
46.57	186.59	0.00
46.57	246.59	0.00
46.57	293.41	0.00
46.57	353.41	0.00
46.68	76.63	0.00
46.68	103.37	0.00
46.68	256.63	0.00
46.68	283.37	0.00
46.68	16.63	0.00
46.68	43.37	0.00
46.68	136.63	0.00
46.68	163.37	0.00
46.68	196.63	0.00
46.68	223.37	0.00
46.68	316.63	0.00
46.68	343.37	0.00
47.54	13.00	0.00
47.54	73.00	0.00
47.54	107.00	0.00
47.54	167.00	0.00
47.54	193.00	0.00
47.54	253.00	0.00
47.54	287.00	0.00
47.54	347.00	0.00
47.54	47.00	0.00
47.54	133.00	0.00
47.54	227.00	0.00
47.54	313.00	0.00
47.96	56.80	0.00
47.96	63.20	0.00
47.96	116.80	0.00
47.96	123.20	0.00
47.96	236.80	0.00
47.96	243.20	0.00
47.96	296.80	0.00
47.96	303.20	0.00
47.96	3.20	0.00
47.96	176.80	0.00
47.96	183.20	0.00
47.96	356.80	0.00
48.17	30.00	0.00
48.17	90.00	0.00
48.17	150.00	0.00
48.17	210.00	0.00
48.17	270.00	0.00
48.17	330.00	0.00
48.28	26.33	0.00
48.28	153.67	0.00
48.28	206.33	0.00
48.28	333.67	0.00
48.28	33.67	0.00
48.28	146.33	0.00
48.28	213.67	0.00
48.28	326.33	0.00
48.28	86.33	0.00
48.28	93.67	0.00
48.28	266.33	0.00
48.28	273.67	0.00
48.59	22.69	0.00
48.59	37.31	0.00
48.59	50.48	0.00
48.59	69.52	0.00
48.59	110.48	0.00
48.59	129.52	0.00
48.59	142.69	0.00
48.59	157.31	0.00
48.59	202.69	0.00
48.59	217.31	0.00
48.59	230.48	0.00
48.59	249.52	0.00
48.59	290.48	0.00
48.59	309.52	0.00
48.59	322.69	0.00
48.59	337.31	0.00
48.59	9.52	0.00
48.59	82.69	0.00
48.59	97.31	0.00
48.59	170.48	0.00
48.59	189.52	0.00
48.59	262.69	0.00
48.59	277.31	0.00
48.59	350.48	0.00
49.11	19.11	0.00
49.11	40.89	0.00
49.11	79.11	0.00
49.11	100.89	0.00
49.11	139.11	0.00
49.11	160.89	0.00
49.11	199.11	0.00
49.11	220.89	0.00
49.11	259.11	0.00
49.11	280.89	0.00
49.11	319.11	0.00
49.11	340.89	0.00
49.53	0.00	0.00
49.53	60.00	0.00
49.53	120.00	0.00
49.53	180.00	0.00
49.53	240.00	0.00
49.53	300.00	0.00
49.84	6.18	0.00
49.84	44.39	0.00
49.84	66.18	0.00
49.84	113.82	0.00
49.84	135.61	0.00
49.84	173.82	0.00
49.84	186.18	0.00
49.84	224.39	0.00
49.84	246.18	0.00
49.84	293.82	0.00
49.84	315.61	0.00
49.84	353.82	0.00
49.84	15.61	0.00
49.84	53.82	0.00
49.84	75.61	0.00
49.84	104.39	0.00
49.84	126.18	0.00
49.84	164.39	0.00
49.84	195.61	0.00
49.84	233.82	0.00
49.84	255.61	0.00
49.84	284.39	0.00
49.84	306.18	0.00
49.84	344.39	0.00
50.76	47.78	0.00
50.76	132.22	0.00
50.76	227.78	0.00
50.76	312.22	0.00
50.76	12.22	0.00
50.76	167.78	0.00
50.76	192.22	0.00
50.76	347.78	0.00
50.76	72.22	0.00
50.76	107.78	0.00
50.76	252.22	0.00
50.76	287.78	0.00
51.06	31.74	0.00
51.06	88.26	0.00
51.06	91.74	0.00
51.06	148.26	0.00
51.06	211.74	0.00
51.06	268.26	0.00
51.06	271.74	0.00
51.06	328.26	0.00
51.06	28.26	0.00
51.06	151.74	0.00
51.06	208.26	0.00
51.06	331.74	0.00
51.26	24.79	0.00
51.26	35.21	0.00
51.26	57.00	0.00
51.26	63.00	0.00
51.26	84.79	0.00
51.26	95.21	0.00
51.26	117.00	0.00
51.26	123.00	0.00
51.26	144.79	0.00
51.26	155.21	0.00
51.26	204.79	0.00
51.26	215.21	0.00
51.26	237.00	0.00
51.26	243.00	0.00
51.26	264.79	0.00
51.26	275.21	0.00
51.26	297.00	0.00
51.26	303.00	0.00
51.26	324.79	0.00
51.26	335.21	0.00
51.26	3.00	0.00
51.26	177.00	0.00
51.26	183.00	0.00
51.26	357.00	0.00
51.66	81.36	0.00
51.66	98.64	0.00
51.66	261.36	0.00
51.66	278.64	0.00
51.66	21.36	0.00
51.66	38.64	0.00
51.66	141.36	0.00
51.66	158.64	0.00
51.66	201.36	0.00
51.66	218.64	0.00
51.66	321.36	0.00
51.66	338.64	0.00
51.86	8.95	0.00
51.86	51.05	0.00
51.86	68.95	0.00
51.86	111.05	0.00
51.86	128.95	0.00
51.86	171.05	0.00
51.86	188.95	0.00
51.86	231.05	0.00
51.86	248.95	0.00
51.86	291.05	0.00
51.86	308.95	0.00
51.86	351.05	0.00
52.26	17.99	0.00
52.26	42.01	0.00
52.26	77.99	0.00
52.26	102.01	0.00
52.26	137.99	0.00
52.26	162.01	0.00
52.26	197.99	0.00
52.26	222.01	0.00
52.26	257.99	0.00
52.26	282.01	0.00
52.26	317.99	0.00
52.26	342.01	0.00
52.85	0.00	0.00
52.85	60.00	0.00
52.85	120.00	0.00
52.85	180.00	0.00
52.85	240.00	0.00
52.85	300.00	0.00
53.05	45.30	0.00
53.05	134.70	0.00
53.05	225.30	0.00
53.05	314.70	0.00
53.05	14.70	0.00
53.05	74.70	0.00
53.05	105.30	0.00
53.05	165.30	0.00
53.05	194.70	0.00
53.05	254.70	0.00
53.05	285.30	0.00
53.05	345.30	0.00
53.15	5.82	0.00
53.15	54.18	0.00
53.15	125.82	0.00
53.15	174.18	0.00
53.15	185.82	0.00
53.15	234.18	0.00
53.15	305.82	0.00
53.15	354.18	0.00
53.15	65.82	0.00
53.15	114.18	0.00
53.15	245.82	0.00
53.15	294.18	0.00
53.93	90.00	0.00
53.93	270.00	0.00
53.93	30.00	0.00
53.93	150.00	0.00
53.93	210.00	0.00
53.93	330.00	0.00
54.03	11.52	0.00
54.03	86.70	0.00
54.03	93.30	0.00
54.03	168.48	0.00
54.03	191.52	0.00
54.03	266.70	0.00
54.03	273.30	0.00
54.03	348.48	0.00
54.03	26.70	0.00
54.03	33.30	0.00
54.03	48.48	0.00
54.03	71.52	0.00
54.03	108.48	0.00
54.03	131.52	0.00
54.03	146.70	0.00
54.03	153.30	0.00
54.03	206.70	0.00
54.03	213.30	0.00
54.03	228.48	0.00
54.03	251.52	0.00
54.03	288.48	0.00
54.03	311.52	0.00
54.03	326.70	0.00
54.03	333.30	0.00
54.32	23.41	0.00
54.32	36.59	0.00
54.32	83.41	0.00
54.32	96.59	0.00
54.32	143.41	0.00
54.32	156.59	0.00
54.32	203.41	0.00
54.32	216.59	0.00
54.32	263.41	0.00
54.32	276.59	0.00
54.32	323.41	0.00
54.32	336.59	0.00
54.61	2.83	0.00
54.61	57.17	0.00
54.61	62.83	0.00
54.61	117.17	0.00
54.61	122.83	0.00
54.61	177.17	0.00
54.61	182.83	0.00
54.61	237.17	0.00
54.61	242.83	0.00
54.61	297.17	0.00
54.61	302.83	0.00
54.61	357.17	0.00
54.80	20.17	0.00
54.80	39.83	0.00
54.80	80.17	0.00
54.80	99.83	0.00
54.80	140.17	0.00
54.80	159.83	0.00
54.80	200.17	0.00
54.80	219.83	0.00
54.80	260.17	0.00
54.80	279.83	0.00
54.80	320.17	0.00
54.80	339.83	0.00
55.18	8.44	0.00
55.18	51.56	0.00
55.18	68.44	0.00
55.18	111.56	0.00
55.18	128.44	0.00
55.18	171.56	0.00
55.18	188.44	0.00
55.18	231.56	0.00
55.18	248.44	0.00
55.18	291.56	0.00
55.18	308.44	0.00
55.18	351.56	0.00
55.47	17.00	0.00
55.47	43.00	0.00
55.47	77.00	0.00
55.47	103.00	0.00
55.47	137.00	0.00
55.47	163.00	0.00
55.47	197.00	0.00
55.47	223.00	0.00
55.47	257.00	0.00
55.47	283.00	0.00
55.47	317.00	0.00
55.47	343.00	0.00
56.23	0.00	0.00
56.23	60.00	0.00
56.23	120.00	0.00
56.23	180.00	0.00
56.23	240.00	0.00
56.23	300.00	0.00
56.32	13.90	0.00
56.32	46.10	0.00
56.32	73.90	0.00
56.32	106.10	0.00
56.32	133.90	0.00
56.32	166.10	0.00
56.32	193.90	0.00
56.32	226.10	0.00
56.32	253.90	0.00
56.32	286.10	0.00
56.32	313.90	0.00
56.32	346.10	0.00
56.51	5.50	0.00
56.51	54.50	0.00
56.51	65.50	0.00
56.51	114.50	0.00
56.51	125.50	0.00
56.51	174.50	0.00
56.51	185.50	0.00
56.51	234.50	0.00
56.51	245.50	0.00
56.51	294.50	0.00
56.51	305.50	0.00
56.51	354.50	0.00
56.89	28.43	0.00
56.89	151.57	0.00
56.89	208.43	0.00
56.89	331.57	0.00
56.89	31.57	0.00
56.89	88.43	0.00
56.89	91.57	0.00
56.89	148.43	0.00
56.89	211.57	0.00
56.89	268.43	0.00
56.89	271.57	0.00
56.89	328.43	0.00
57.08	25.28	0.00
57.08	34.72	0.00
57.08	85.28	0.00
57.08	94.72	0.00
57.08	145.28	0.00
57.08	154.72	0.00
57.08	205.28	0.00
57.08	214.72	0.00
57.08	265.28	0.00
57.08	274.72	0.00
57.08	325.28	0.00
57.08	334.72	0.00
57.36	10.89	0.00
57.36	49.11	0.00
57.36	70.89	0.00
57.36	109.11	0.00
57.36	130.89	0.00
57.36	169.11	0.00
57.36	190.89	0.00
57.36	229.11	0.00
57.36	250.89	0.00
57.36	289.11	0.00
57.36	310.89	0.00
57.36	349.11	0.00
57.45	22.17	0.00
57.45	37.83	0.00
57.45	82.17	0.00
57.45	97.83	0.00
57.45	142.17	0.00
57.45	157.83	0.00
57.45	202.17	0.00
57.45	217.83	0.00
57.45	262.17	0.00
57.45	277.83	0.00
57.45	322.17	0.00
57.45	337.83	0.00
58.01	19.11	0.00
58.01	40.89	0.00
58.01	62.68	0.00
58.01	79.11	0.00
58.01	100.89	0.00
58.01	117.32	0.00
58.01	139.11	0.00
58.01	160.89	0.00
58.01	199.11	0.00
58.01	220.89	0.00
58.01	242.68	0.00
58.01	259.11	0.00
58.01	280.89	0.00
58.01	297.32	0.00
58.01	319.11	0.00
58.01	340.89	0.00
58.01	2.68	0.00
58.01	57.32	0.00
58.01	122.68	0.00
58.01	177.32	0.00
58.01	182.68	0.00
58.01	237.32	0.00
58.01	302.68	0.00
58.01	357.32	0.00
58.56	52.01	0.00
58.56	67.99	0.00
58.56	112.01	0.00
58.56	127.99	0.00
58.56	232.01	0.00
58.56	247.99	0.00
58.56	292.01	0.00
58.56	307.99	0.00
58.56	7.99	0.00
58.56	172.01	0.00
58.56	187.99	0.00
58.56	352.01	0.00
58.74	16.10	0.00
58.74	43.90	0.00
58.74	76.10	0.00
58.74	103.90	0.00
58.74	136.10	0.00
58.74	163.90	0.00
58.74	196.10	0.00
58.74	223.90	0.00
58.74	256.10	0.00
58.74	283.90	0.00
58.74	316.10	0.00
58.74	343.90	0.00
59.66	0.00	0.00
59.66	60.00	0.00
59.66	120.00	0.00
59.66	180.00	0.00
59.66	240.00	0.00
59.66	300.00	0.00
59.66	13.17	0.00
59.66	46.83	0.00
59.66	73.17	0.00
59.66	106.83	0.00
59.66	133.17	0.00
59.66	166.83	0.00
59.66	193.17	0.00
59.66	226.83	0.00
59.66	253.17	0.00
59.66	286.83	0.00
59.66	313.17	0.00
59.66	346.83	0.00
59.84	30.00	0.00
59.84	90.00	0.00
59.84	150.00	0.00
59.84	210.00	0.00
59.84	270.00	0.00
59.84	330.00	0.00
59.93	5.21	0.00
59.93	27.00	0.00
59.93	33.00	0.00
59.93	54.79	0.00
59.93	65.21	0.00
59.93	87.00	0.00
59.93	93.00	0.00
59.93	114.79	0.00
59.93	125.21	0.00
59.93	147.00	0.00
59.93	153.00	0.00
59.93	174.79	0.00
59.93	185.21	0.00
59.93	207.00	0.00
59.93	213.00	0.00
59.93	234.79	0.00
59.93	245.21	0.00
59.93	267.00	0.00
59.93	273.00	0.00
59.93	294.79	0.00
59.93	305.21	0.00
59.93	327.00	0.00
59.93	333.00	0.00
59.93	354.79	0.00
60.20	24.01	0.00
60.20	35.99	0.00
60.20	84.01	0.00
60.20	95.99	0.00
60.20	144.01	0.00
60.20	155.99	0.00
60.20	204.01	0.00
60.20	215.99	0.00
60.20	264.01	0.00
60.20	275.99	0.00
60.20	324.01	0.00
60.20	335.99	0.00
60.65	21.05	0.00
60.65	38.95	0.00
60.65	81.05	0.00
60.65	98.95	0.00
60.65	141.05	0.00
60.65	158.95	0.00
60.65	201.05	0.00
60.65	218.95	0.00
60.65	261.05	0.00
60.65	278.95	0.00
60.65	321.05	0.00
60.65	338.95	0.00
60.74	49.67	0.00
60.74	130.33	0.00
60.74	229.67	0.00
60.74	310.33	0.00
60.74	10.33	0.00
60.74	70.33	0.00
60.74	109.67	0.00
60.74	169.67	0.00
60.74	190.33	0.00
60.74	250.33	0.00
60.74	289.67	0.00
60.74	349.67	0.00
61.28	18.14	0.00
61.28	41.86	0.00
61.28	78.14	0.00
61.28	101.86	0.00
61.28	138.14	0.00
61.28	161.86	0.00
61.28	198.14	0.00
61.28	221.86	0.00
61.28	258.14	0.00
61.28	281.86	0.00
61.28	318.14	0.00
61.28	341.86	0.00
61.46	2.54	0.00
61.46	62.54	0.00
61.46	117.46	0.00
61.46	177.46	0.00
61.46	182.54	0.00
61.46	242.54	0.00
61.46	297.46	0.00
61.46	357.46	0.00
61.46	57.46	0.00
61.46	122.54	0.00
61.46	237.46	0.00
61.46	302.54	0.00
62.00	7.59	0.00
62.00	172.41	0.00
62.00	187.59	0.00
62.00	352.41	0.00
62.00	52.41	0.00
62.00	67.59	0.00
62.00	112.41	0.00
62.00	127.59	0.00
62.00	232.41	0.00
62.00	247.59	0.00
62.00	292.41	0.00
62.00	307.59	0.00
62.09	15.30	0.00
62.09	44.70	0.00
62.09	75.30	0.00
62.09	104.70	0.00
62.09	135.30	0.00
62.09	164.70	0.00
62.09	195.30	0.00
62.09	224.70	0.00
62.09	255.30	0.00
62.09	284.70	0.00
62.09	315.30	0.00
62.09	344.70	0.00
62.88	88.56	0.00
62.88	91.44	0.00
62.88	268.56	0.00
62.88	271.44	0.00
62.88	28.56	0.00
62.88	31.44	0.00
62.88	148.56	0.00
62.88	151.44	0.00
62.88	208.56	0.00
62.88	211.44	0.00
62.88	328.56	0.00
62.88	331.44	0.00
63.06	12.52	0.00
63.06	72.52	0.00
63.06	85.69	0.00
63.06	94.31	0.00
63.06	107.48	0.00
63.06	167.48	0.00
63.06	192.52	0.00
63.06	252.52	0.00
63.06	265.69	0.00
63.06	274.31	0.00
63.06	287.48	0.00
63.06	347.48	0.00
63.06	25.69	0.00
63.06	34.31	0.00
63.06	47.48	0.00
63.06	132.52	0.00
63.06	145.69	0.00
63.06	154.31	0.00
63.06	205.69	0.00
63.06	214.31	0.00
63.06	227.48	0.00
63.06	312.52	0.00
63.06	325.69	0.00
63.06	334.31	0.00
63.15	60.00	0.00
63.15	120.00	0.00
63.15	240.00	0.00
63.15	300.00	0.00
63.15	0.00	0.00
63.15	180.00	0.00
63.41	4.95	0.00
63.41	22.85	0.00
63.41	37.15	0.00
63.41	55.05	0.00
63.41	64.95	0.00
63.41	82.85	0.00
63.41	97.15	0.00
63.41	115.05	0.00
63.41	124.95	0.00
63.41	142.85	0.00
63.41	157.15	0.00
63.41	175.05	0.00
63.41	184.95	0.00
63.41	202.85	0.00
63.41	217.15	0.00
63.41	235.05	0.00
63.41	244.95	0.00
63.41	262.85	0.00
63.41	277.15	0.00
63.41	295.05	0.00
63.41	304.95	0.00
63.41	322.85	0.00
63.41	337.15	0.00
63.41	355.05	0.00
63.94	20.03	0.00
63.94	39.97	0.00
63.94	80.03	0.00
63.94	99.97	0.00
63.94	140.03	0.00
63.94	159.97	0.00
63.94	200.03	0.00
63.94	219.97	0.00
63.94	260.03	0.00
63.94	279.97	0.00
63.94	320.03	0.00
63.94	339.97	0.00
64.20	9.83	0.00
64.20	50.17	0.00
64.20	69.83	0.00
64.20	110.17	0.00
64.20	129.83	0.00
64.20	170.17	0.00
64.20	189.83	0.00
64.20	230.17	0.00
64.20	249.83	0.00
64.20	290.17	0.00
64.20	309.83	0.00
64.20	350.17	0.00
64.63	17.27	0.00
64.63	42.73	0.00
64.63	77.27	0.00
64.63	102.73	0.00
64.63	137.27	0.00
64.63	162.73	0.00
64.63	197.27	0.00
64.63	222.73	0.00
64.63	257.27	0.00
64.63	282.73	0.00
64.63	317.27	0.00
64.63	342.73	0.00
64.98	2.42	0.00
64.98	57.58	0.00
64.98	122.42	0.00
64.98	177.58	0.00
64.98	182.42	0.00
64.98	237.58	0.00
64.98	302.42	0.00
64.98	357.58	0.00
64.98	62.42	0.00
64.98	117.58	0.00
64.98	242.42	0.00
64.98	297.58	0.00
65.50	7.22	0.00
65.50	14.56	0.00
65.50	45.44	0.00
65.50	52.78	0.00
65.50	67.22	0.00
65.50	74.56	0.00
65.50	105.44	0.00
65.50	112.78	0.00
65.50	127.22	0.00
65.50	134.56	0.00
65.50	165.44	0.00
65.50	172.78	0.00
65.50	187.22	0.00
65.50	194.56	0.00
65.50	225.44	0.00
65.50	232.78	0.00
65.50	247.22	0.00
65.50	254.56	0.00
65.50	285.44	0.00
65.50	292.78	0.00
65.50	307.22	0.00
65.50	314.56	0.00
65.50	345.44	0.00
65.50	352.78	0.00
65.93	30.00	0.00
65.93	90.00	0.00
65.93	150.00	0.00
65.93	210.00	0.00
65.93	270.00	0.00
65.93	330.00	0.00
66.02	27.25	0.00
66.02	32.75	0.00
66.02	87.25	0.00
66.02	92.75	0.00
66.02	147.25	0.00
66.02	152.75	0.00
66.02	207.25	0.00
66.02	212.75	0.00
66.02	267.25	0.00
66.02	272.75	0.00
66.02	327.25	0.00
66.02	332.75	0.00
66.28	35.50	0.00
66.28	144.50	0.00
66.28	215.50	0.00
66.28	324.50	0.00
66.28	24.50	0.00
66.28	84.50	0.00
66.28	95.50	0.00
66.28	155.50	0.00
66.28	204.50	0.00
66.28	264.50	0.00
66.28	275.50	0.00
66.28	335.50	0.00
66.53	11.93	0.00
66.53	48.07	0.00
66.53	71.93	0.00
66.53	108.07	0.00
66.53	131.93	0.00
66.53	168.07	0.00
66.53	191.93	0.00
66.53	228.07	0.00
66.53	251.93	0.00
66.53	288.07	0.00
66.53	311.93	0.00
66.53	348.07	0.00
66.70	0.00	0.00
66.70	21.79	0.00
66.70	38.21	0.00
66.70	60.00	0.00
66.70	81.79	0.00
66.70	98.21	0.00
66.70	120.00	0.00
66.70	141.79	0.00
66.70	158.21	0.00
66.70	180.00	0.00
66.70	201.79	0.00
66.70	218.21	0.00
66.70	240.00	0.00
66.70	261.79	0.00
66.70	278.21	0.00
66.70	300.00	0.00
66.70	321.79	0.00
66.70	338.21	0.00
66.96	4.72	0.00
66.96	55.28	0.00
66.96	64.72	0.00
66.96	115.28	0.00
66.96	124.72	0.00
66.96	175.28	0.00
66.96	184.72	0.00
66.96	235.28	0.00
66.96	244.72	0.00
66.96	295.28	0.00
66.96	304.72	0.00
66.96	355.28	0.00
67.30	40.89	0.00
67.30	139.11	0.00
67.30	220.89	0.00
67.30	319.11	0.00
67.30	19.11	0.00
67.30	79.11	0.00
67.30	100.89	0.00
67.30	160.89	0.00
67.30	199.11	0.00
67.30	259.11	0.00
67.30	280.89	0.00
67.30	340.89	0.00
67.73	9.37	0.00
67.73	170.63	0.00
67.73	189.37	0.00
67.73	350.63	0.00
67.73	50.63	0.00
67.73	69.37	0.00
67.73	110.63	0.00
67.73	129.37	0.00
67.73	230.63	0.00
67.73	249.37	0.00
67.73	290.63	0.00
67.73	309.37	0.00
68.07	16.47	0.00
68.07	43.53	0.00
68.07	76.47	0.00
68.07	103.53	0.00
68.07	136.47	0.00
68.07	163.53	0.00
68.07	196.47	0.00
68.07	223.53	0.00
68.07	256.47	0.00
68.07	283.53	0.00
68.07	316.47	0.00
68.07	343.53	0.00
68.57	2.31	0.00
68.57	177.69	0.00
68.57	182.31	0.00
68.57	357.69	0.00
68.57	57.69	0.00
68.57	62.31	0.00
68.57	117.69	0.00
68.57	122.31	0.00
68.57	237.69	0.00
68.57	242.31	0.00
68.57	297.69	0.00
68.57	302.31	0.00
68.99	13.90	0.00
68.99	166.10	0.00
68.99	193.90	0.00
68.99	346.10	0.00
68.99	46.10	0.00
68.99	73.90	0.00
68.99	106.10	0.00
68.99	133.90	0.00
68.99	226.10	0.00
68.99	253.90	0.00
68.99	286.10	0.00
68.99	313.90	0.00
69.08	6.89	0.00
69.08	88.68	0.00
69.08	91.32	0.00
69.08	173.11	0.00
69.08	186.89	0.00
69.08	268.68	0.00
69.08	271.32	0.00
69.08	353.11	0.00
69.08	28.68	0.00
69.08	31.32	0.00
69.08	53.11	0.00
69.08	66.89	0.00
69.08	113.11	0.00
69.08	126.89	0.00
69.08	148.68	0.00
69.08	151.32	0.00
69.08	208.68	0.00
69.08	211.32	0.00
69.08	233.11	0.00
69.08	246.89	0.00
69.08	293.11	0.00
69.08	306.89	0.00
69.08	328.68	0.00
69.08	331.32	0.00
69.25	26.04	0.00
69.25	86.04	0.00
69.25	93.96	0.00
69.25	153.96	0.00
69.25	206.04	0.00
69.25	266.04	0.00
69.25	273.96	0.00
69.25	333.96	0.00
69.25	33.96	0.00
69.25	146.04	0.00
69.25	213.96	0.00
69.25	326.04	0.00
69.58	83.41	0.00
69.58	96.59	0.00
69.58	263.41	0.00
69.58	276.59	0.00
69.58	23.41	0.00
69.58	36.59	0.00
69.58	143.41	0.00
69.58	156.59	0.00
69.58	203.41	0.00
69.58	216.59	0.00
69.58	323.41	0.00
69.58	336.59	0.00
70.08	11.39	0.00
70.08	20.82	0.00
70.08	39.18	0.00
70.08	48.61	0.00
70.08	71.39	0.00
70.08	80.82	0.00
70.08	99.18	0.00
70.08	108.61	0.00
70.08	131.39	0.00
70.08	140.82	0.00
70.08	159.18	0.00
70.08	168.61	0.00
70.08	191.39	0.00
70.08	200.82	0.00
70.08	219.18	0.00
70.08	228.61	0.00
70.08	251.39	0.00
70.08	260.82	0.00
70.08	279.18	0.00
70.08	288.61	0.00
70.08	311.39	0.00
70.08	320.82	0.00
70.08	339.18	0.00
70.08	348.61	0.00
70.33	0.00	0.00
70.33	60.00	0.00
70.33	120.00	0.00
70.33	180.00	0.00
70.33	240.00	0.00
70.33	300.00	0.00
70.58	4.50	0.00
70.58	64.50	0.00
70.58	115.50	0.00
70.58	175.50	0.00
70.58	184.50	0.00
70.58	244.50	0.00
70.58	295.50	0.00
70.58	355.50	0.00
70.58	55.50	0.00
70.58	124.50	0.00
70.58	235.50	0.00
70.58	304.50	0.00
70.75	78.26	0.00
70.75	101.74	0.00
70.75	258.26	0.00
70.75	281.74	0.00
70.75	18.26	0.00
70.75	41.74	0.00
70.75	138.26	0.00
70.75	161.74	0.00
70.75	198.26	0.00
70.75	221.74	0.00
70.75	318.26	0.00
70.75	341.74	0.00
71.33	8.95	0.00
71.33	51.05	0.00
71.33	68.95	0.00
71.33	111.05	0.00
71.33	128.95	0.00
71.33	171.05	0.00
71.33	188.95	0.00
71.33	231.05	0.00
71.33	248.95	0.00
71.33	291.05	0.00
71.33	308.95	0.00
71.33	351.05	0.00
71.58	15.75	0.00
71.58	75.75	0.00
71.58	104.25	0.00
71.58	164.25	0.00
71.58	195.75	0.00
71.58	255.75	0.00
71.58	284.25	0.00
71.58	344.25	0.00
71.58	44.25	0.00
71.58	135.75	0.00
71.58	224.25	0.00
71.58	315.75	0.00
72.24	2.20	0.00
72.24	30.00	0.00
72.24	57.80	0.00
72.24	62.20	0.00
72.24	90.00	0.00
72.24	117.80	0.00
72.24	122.20	0.00
72.24	150.00	0.00
72.24	177.80	0.00
72.24	182.20	0.00
72.24	210.00	0.00
72.24	237.80	0.00
72.24	242.20	0.00
72.24	270.00	0.00
72.24	297.80	0.00
72.24	302.20	0.00
72.24	330.00	0.00
72.24	357.80	0.00
72.32	27.46	0.00
72.32	32.54	0.00
72.32	87.46	0.00
72.32	92.54	0.00
72.32	147.46	0.00
72.32	152.54	0.00
72.32	207.46	0.00
72.32	212.54	0.00
72.32	267.46	0.00
72.32	272.54	0.00
72.32	327.46	0.00
72.32	332.54	0.00
72.57	73.29	0.00
72.57	106.71	0.00
72.57	253.29	0.00
72.57	286.71	0.00
72.57	13.29	0.00
72.57	24.92	0.00
72.57	35.08	0.00
72.57	46.71	0.00
72.57	84.92	0.00
72.57	95.08	0.00
72.57	133.29	0.00
72.57	144.92	0.00
72.57	155.08	0.00
72.57	166.71	0.00
72.57	193.29	0.00
72.57	204.92	0.00
72.57	215.08	0.00
72.57	226.71	0.00
72.57	264.92	0.00
72.57	275.08	0.00
72.57	313.29	0.00
72.57	324.92	0.00
72.57	335.08	0.00
72.57	346.71	0.00
72.74	6.59	0.00
72.74	173.41	0.00
72.74	186.59	0.00
72.74	353.41	0.00
72.74	53.41	0.00
72.74	66.59	0.00
72.74	113.41	0.00
72.74	126.59	0.00
72.74	233.41	0.00
72.74	246.59	0.00
72.74	293.41	0.00
72.74	306.59	0.00
72.98	22.41	0.00
72.98	37.59	0.00
72.98	82.41	0.00
72.98	97.59	0.00
72.98	142.41	0.00
72.98	157.59	0.00
72.98	202.41	0.00
72.98	217.59	0.00
72.98	262.41	0.00
72.98	277.59	0.00
72.98	322.41	0.00
72.98	337.59	0.00
73.56	19.93	0.00
73.56	40.07	0.00
73.56	79.93	0.00
73.56	100.07	0.00
73.56	139.93	0.00
73.56	160.07	0.00
73.56	199.93	0.00
73.56	220.07	0.00
73.56	259.93	0.00
73.56	280.07	0.00
73.56	319.93	0.00
73.56	340.07	0.00
73.72	10.89	0.00
73.72	49.11	0.00
73.72	70.89	0.00
73.72	109.11	0.00
73.72	130.89	0.00
73.72	169.11	0.00
73.72	190.89	0.00
73.72	229.11	0.00
73.72	250.89	0.00
73.72	289.11	0.00
73.72	310.89	0.00
73.72	349.11	0.00
74.05	60.00	0.00
74.05	120.00	0.00
74.05	240.00	0.00
74.05	300.00	0.00
74.05	0.00	0.00
74.05	180.00	0.00
74.29	4.31	0.00
74.29	17.48	0.00
74.29	42.52	0.00
74.29	55.69	0.00
74.29	64.31	0.00
74.29	77.48	0.00
74.29	102.52	0.00
74.29	115.69	0.00
74.29	124.31	0.00
74.29	137.48	0.00
74.29	162.52	0.00
74.29	175.69	0.00
74.29	184.31	0.00
74.29	197.48	0.00
74.29	222.52	0.00
74.29	235.69	0.00
74.29	244.31	0.00
74.29	257.48	0.00
74.29	282.52	0.00
74.29	295.69	0.00
74.29	304.31	0.00
74.29	317.48	0.00
74.29	342.52	0.00
74.29	355.69	0.00
75.02	68.57	0.00
75.02	111.43	0.00
75.02	248.57	0.00
75.02	291.43	0.00
75.02	8.57	0.00
75.02	171.43	0.00
75.02	188.57	0.00
75.02	351.43	0.00
75.02	51.43	0.00
75.02	128.57	0.00
75.02	231.43	0.00
75.02	308.57	0.00
75.19	15.08	0.00
75.19	44.92	0.00
75.19	75.08	0.00
75.19	104.92	0.00
75.19	135.08	0.00
75.19	164.92	0.00
75.19	195.08	0.00
75.19	224.92	0.00
75.19	255.08	0.00
75.19	284.92	0.00
75.19	315.08	0.00
75.19	344.92	0.00
75.51	28.78	0.00
75.51	31.22	0.00
75.51	88.78	0.00
75.51	91.22	0.00
75.51	148.78	0.00
75.51	151.22	0.00
75.51	208.78	0.00
75.51	211.22	0.00
75.51	268.78	0.00
75.51	271.22	0.00
75.51	328.78	0.00
75.51	331.22	0.00
75.67	26.33	0.00
75.67	33.67	0.00
75.67	146.33	0.00
75.67	153.67	0.00
75.67	206.33	0.00
75.67	213.67	0.00
75.67	326.33	0.00
75.67	333.67	0.00
75.67	86.33	0.00
75.67	93.67	0.00
75.67	266.33	0.00
75.67	273.67	0.00
76.00	2.11	0.00
76.00	23.90	0.00
76.00	36.10	0.00
76.00	57.89	0.00
76.00	62.11	0.00
76.00	83.90	0.00
76.00	96.10	0.00
76.00	117.89	0.00
76.00	122.11	0.00
76.00	143.90	0.00
76.00	156.10	0.00
76.00	177.89	0.00
76.00	182.11	0.00
76.00	203.90	0.00
76.00	216.10	0.00
76.00	237.89	0.00
76.00	242.11	0.00
76.00	263.90	0.00
76.00	276.10	0.00
76.00	297.89	0.00
76.00	302.11	0.00
76.00	323.90	0.00
76.00	336.10	0.00
76.00	357.89	0.00
76.24	12.73	0.00
76.24	47.27	0.00
76.24	72.73	0.00
76.24	107.27	0.00
76.24	132.73	0.00
76.24	167.27	0.00
76.24	192.73	0.00
76.24	227.27	0.00
76.24	252.73	0.00
76.24	287.27	0.00
76.24	312.73	0.00
76.24	347.27	0.00
76.48	6.31	0.00
76.48	21.49	0.00
76.48	38.51	0.00
76.48	53.69	0.00
76.48	66.31	0.00
76.48	81.49	0.00
76.48	98.51	0.00
76.48	113.69	0.00
76.48	126.31	0.00
76.48	141.49	0.00
76.48	158.51	0.00
76.48	173.69	0.00
76.48	186.31	0.00
76.48	201.49	0.00
76.48	218.51	0.00
76.48	233.69	0.00
76.48	246.31	0.00
76.48	261.49	0.00
76.48	278.51	0.00
76.48	293.69	0.00
76.48	306.31	0.00
76.48	321.49	0.00
76.48	338.51	0.00
76.48	353.69	0.00
77.13	19.11	0.00
77.13	160.89	0.00
77.13	199.11	0.00
77.13	340.89	0.00
77.13	40.89	0.00
77.13	79.11	0.00
77.13	100.89	0.00
77.13	139.11	0.00
77.13	220.89	0.00
77.13	259.11	0.00
77.13	280.89	0.00
77.13	319.11	0.00
77.45	10.44	0.00
77.45	49.56	0.00
77.45	70.44	0.00
77.45	109.56	0.00
77.45	130.44	0.00
77.45	169.56	0.00
77.45	190.44	0.00
77.45	229.56	0.00
77.45	250.44	0.00
77.45	289.56	0.00
77.45	310.44	0.00
77.45	349.56	0.00
77.85	0.00	0.00
77.85	180.00	0.00
77.85	60.00	0.00
77.85	120.00	0.00
77.85	240.00	0.00
77.85	300.00	0.00
77.93	16.76	0.00
77.93	43.24	0.00
77.93	76.76	0.00
77.93	103.24	0.00
77.93	136.76	0.00
77.93	163.24	0.00
77.93	196.76	0.00
77.93	223.24	0.00
77.93	256.76	0.00
77.93	283.24	0.00
77.93	316.76	0.00
77.93	343.24	0.00
78.09	4.13	0.00
78.09	64.13	0.00
78.09	115.87	0.00
78.09	175.87	0.00
78.09	184.13	0.00
78.09	244.13	0.00
78.09	295.87	0.00
78.09	355.87	0.00
78.09	55.87	0.00
78.09	124.13	0.00
78.09	235.87	0.00
78.09	304.13	0.00
78.81	8.21	0.00
78.81	30.00	0.00
78.81	90.00	0.00
78.81	150.00	0.00
78.81	171.79	0.00
78.81	188.21	0.00
78.81	210.00	0.00
78.81	270.00	0.00
78.81	330.00	0.00
78.81	351.79	0.00
78.81	51.79	0.00
78.81	68.21	0.00
78.81	111.79	0.00
78.81	128.21	0.00
78.81	231.79	0.00
78.81	248.21	0.00
78.81	291.79	0.00
78.81	308.21	0.00
78.89	14.46	0.00
78.89	27.64	0.00
78.89	32.36	0.00
78.89	45.54	0.00
78.89	74.46	0.00
78.89	87.64	0.00
78.89	92.36	0.00
78.89	105.54	0.00
78.89	134.46	0.00
78.89	147.64	0.00
78.89	152.36	0.00
78.89	165.54	0.00
78.89	194.46	0.00
78.89	207.64	0.00
78.89	212.36	0.00
78.89	225.54	0.00
78.89	254.46	0.00
78.89	267.64	0.00
78.89	272.36	0.00
78.89	285.54	0.00
78.89	314.46	0.00
78.89	327.64	0.00
78.89	332.36	0.00
78.89	345.54	0.00
79.13	25.28	0.00
79.13	85.28	0.00
79.13	94.72	0.00
79.13	154.72	0.00
79.13	205.28	0.00
79.13	265.28	0.00
79.13	274.72	0.00
79.13	334.72	0.00
79.13	34.72	0.00
79.13	145.28	0.00
79.13	214.72	0.00
79.13	325.28	0.00
79.53	22.95	0.00
79.53	37.05	0.00
79.53	82.95	0.00
79.53	97.05	0.00
79.53	142.95	0.00
79.53	157.05	0.00
79.53	202.95	0.00
79.53	217.05	0.00
79.53	262.95	0.00
79.53	277.05	0.00
79.53	322.95	0.00
79.53	337.05	0.00
79.85	2.02	0.00
79.85	177.98	0.00
79.85	182.02	0.00
79.85	357.98	0.00
79.85	57.98	0.00
79.85	62.02	0.00
79.85	117.98	0.00
79.85	122.02	0.00
79.85	237.98	0.00
79.85	242.02	0.00
79.85	297.98	0.00
79.85	302.02	0.00
80.01	12.22	0.00
80.01	167.78	0.00
80.01	192.22	0.00
80.01	347.78	0.00
80.01	47.78	0.00
80.01	72.22	0.00
80.01	107.78	0.00
80.01	132.22	0.00
80.01	227.78	0.00
80.01	252.22	0.00
80.01	287.78	0.00
80.01	312.22	0.00
80.09	20.63	0.00
80.09	39.37	0.00
80.09	80.63	0.00
80.09	99.37	0.00
80.09	140.63	0.00
80.09	159.37	0.00
80.09	200.63	0.00
80.09	219.37	0.00
80.09	260.63	0.00
80.09	279.37	0.00
80.09	320.63	0.00
80.09	339.37	0.00
80.33	6.05	0.00
80.33	53.95	0.00
80.33	126.05	0.00
80.33	173.95	0.00
80.33	186.05	0.00
80.33	233.95	0.00
80.33	306.05	0.00
80.33	353.95	0.00
80.33	66.05	0.00
80.33	113.95	0.00
80.33	246.05	0.00
80.33	293.95	0.00
80.81	18.35	0.00
80.81	41.65	0.00
80.81	78.35	0.00
80.81	101.65	0.00
80.81	138.35	0.00
80.81	161.65	0.00
80.81	198.35	0.00
80.81	221.65	0.00
80.81	258.35	0.00
80.81	281.65	0.00
80.81	318.35	0.00
80.81	341.65	0.00
81.29	10.02	0.00
81.29	169.98	0.00
81.29	190.02	0.00
81.29	349.98	0.00
81.29	49.98	0.00
81.29	70.02	0.00
81.29	109.98	0.00
81.29	130.02	0.00
81.29	229.98	0.00
81.29	250.02	0.00
81.29	289.98	0.00
81.29	310.02	0.00
81.68	16.10	0.00
81.68	43.90	0.00
81.68	76.10	0.00
81.68	103.90	0.00
81.68	136.10	0.00
81.68	163.90	0.00
81.68	196.10	0.00
81.68	223.90	0.00
81.68	256.10	0.00
81.68	283.90	0.00
81.68	316.10	0.00
81.68	343.90	0.00
81.76	60.00	0.00
81.76	120.00	0.00
81.76	240.00	0.00
81.76	300.00	0.00
81.76	0.00	0.00
81.76	180.00	0.00
82.00	3.96	0.00
82.00	56.04	0.00
82.00	63.96	0.00
82.00	116.04	0.00
82.00	123.96	0.00
82.00	176.04	0.00
82.00	183.96	0.00
82.00	236.04	0.00
82.00	243.96	0.00
82.00	296.04	0.00
82.00	303.96	0.00
82.00	356.04	0.00
82.24	28.86	0.00
82.24	31.14	0.00
82.24	88.86	0.00
82.24	91.14	0.00
82.24	148.86	0.00
82.24	151.14	0.00
82.24	208.86	0.00
82.24	211.14	0.00
82.24	268.86	0.00
82.24	271.14	0.00
82.24	328.86	0.00
82.24	331.14	0.00
82.40	26.58	0.00
82.40	33.42	0.00
82.40	86.58	0.00
82.40	93.42	0.00
82.40	146.58	0.00
82.40	153.42	0.00
82.40	206.58	0.00
82.40	213.42	0.00
82.40	266.58	0.00
82.40	273.42	0.00
82.40	326.58	0.00
82.40	333.42	0.00
82.71	13.90	0.00
82.71	73.90	0.00
82.71	106.10	0.00
82.71	166.10	0.00
82.71	193.90	0.00
82.71	253.90	0.00
82.71	286.10	0.00
82.71	346.10	0.00
82.71	7.89	0.00
82.71	24.32	0.00
82.71	35.68	0.00
82.71	46.10	0.00
82.71	52.11	0.00
82.71	67.89	0.00
82.71	84.32	0.00
82.71	95.68	0.00
82.71	112.11	0.00
82.71	127.89	0.00
82.71	133.90	0.00
82.71	144.32	0.00
82.71	155.68	0.00
82.71	172.11	0.00
82.71	187.89	0.00
82.71	204.32	0.00
82.71	215.68	0.00
82.71	226.10	0.00
82.71	232.11	0.00
82.71	247.89	0.00
82.71	264.32	0.00
82.71	275.68	0.00
82.71	292.11	0.00
82.71	307.89	0.00
82.71	313.90	0.00
82.71	324.32	0.00
82.71	335.68	0.00
82.71	352.11	0.00
83.19	22.07	0.00
83.19	37.93	0.00
83.19	82.07	0.00
83.19	97.93	0.00
83.19	142.07	0.00
83.19	157.93	0.00
83.19	202.07	0.00
83.19	217.93	0.00
83.19	262.07	0.00
83.19	277.93	0.00
83.19	322.07	0.00
83.19	337.93	0.00
83.82	1.95	0.00
83.82	19.84	0.00
83.82	40.16	0.00
83.82	58.05	0.00
83.82	79.84	0.00
83.82	100.16	0.00
83.82	121.95	0.00
83.82	139.84	0.00
83.82	160.16	0.00
83.82	178.05	0.00
83.82	181.95	0.00
83.82	199.84	0.00
83.82	220.16	0.00
83.82	238.05	0.00
83.82	259.84	0.00
83.82	280.16	0.00
83.82	301.95	0.00
83.82	319.84	0.00
83.82	340.16	0.00
83.82	358.05	0.00
83.82	61.95	0.00
83.82	118.05	0.00
83.82	241.95	0.00
83.82	298.05	0.00
83.90	71.74	0.00
83.90	108.26	0.00
83.90	251.74	0.00
83.90	288.26	0.00
83.90	11.74	0.00
83.90	48.26	0.00
83.90	131.74	0.00
83.90	168.26	0.00
83.90	191.74	0.00
83.90	228.26	0.00
83.90	311.74	0.00
83.90	348.26	0.00
84.30	5.82	0.00
84.30	174.18	0.00
84.30	185.82	0.00
84.30	354.18	0.00
84.30	54.18	0.00
84.30	65.82	0.00
84.30	114.18	0.00
84.30	125.82	0.00
84.30	234.18	0.00
84.30	245.82	0.00
84.30	294.18	0.00
84.30	305.82	0.00
84.61	17.65	0.00
84.61	42.35	0.00
84.61	77.65	0.00
84.61	102.35	0.00
84.61	137.65	0.00
84.61	162.35	0.00
84.61	197.65	0.00
84.61	222.35	0.00
84.61	257.65	0.00
84.61	282.35	0.00
84.61	317.65	0.00
84.61	342.35	0.00
85.24	9.64	0.00
85.24	50.36	0.00
85.24	69.64	0.00
85.24	110.36	0.00
85.24	129.64	0.00
85.24	170.36	0.00
85.24	189.64	0.00
85.24	230.36	0.00
85.24	249.64	0.00
85.24	290.36	0.00
85.24	309.64	0.00
85.24	350.36	0.00
85.56	15.49	0.00
85.56	44.51	0.00
85.56	75.49	0.00
85.56	104.51	0.00
85.56	135.49	0.00
85.56	164.51	0.00
85.56	195.49	0.00
85.56	224.51	0.00
85.56	255.49	0.00
85.56	284.51	0.00
85.56	315.49	0.00
85.56	344.51	0.00
85.71	30.00	0.00
85.71	90.00	0.00
85.71	150.00	0.00
85.71	210.00	0.00
85.71	270.00	0.00
85.71	330.00	0.00
85.79	0.00	0.00
85.79	27.80	0.00
85.79	32.20	0.00
85.79	60.00	0.00
85.79	87.80	0.00
85.79	92.20	0.00
85.79	120.00	0.00
85.79	147.80	0.00
85.79	152.20	0.00
85.79	180.00	0.00
85.79	207.80	0.00
85.79	212.20	0.00
85.79	240.00	0.00
85.79	267.80	0.00
85.79	272.20	0.00
85.79	300.00	0.00
85.79	327.80	0.00
85.79	332.20	0.00
86.03	25.60	0.00
86.03	34.40	0.00
86.03	56.19	0.00
86.03	123.81	0.00
86.03	145.60	0.00
86.03	154.40	0.00
86.03	205.60	0.00
86.03	214.40	0.00
86.03	236.19	0.00
86.03	303.81	0.00
86.03	325.60	0.00
86.03	334.40	0.00
86.03	3.81	0.00
86.03	63.81	0.00
86.03	85.60	0.00
86.03	94.40	0.00
86.03	116.19	0.00
86.03	176.19	0.00
86.03	183.81	0.00
86.03	243.81	0.00
86.03	265.60	0.00
86.03	274.40	0.00
86.03	296.19	0.00
86.03	356.19	0.00
86.42	23.41	0.00
86.42	36.59	0.00
86.42	143.41	0.00
86.42	156.59	0.00
86.42	203.41	0.00
86.42	216.59	0.00
86.42	323.41	0.00
86.42	336.59	0.00
86.42	83.41	0.00
86.42	96.59	0.00
86.42	263.41	0.00
86.42	276.59	0.00
86.66	13.37	0.00
86.66	166.63	0.00
86.66	193.37	0.00
86.66	346.63	0.00
86.66	46.63	0.00
86.66	73.37	0.00
86.66	106.63	0.00
86.66	133.37	0.00
86.66	226.63	0.00
86.66	253.37	0.00
86.66	286.63	0.00
86.66	313.37	0.00
86.74	7.59	0.00
86.74	52.41	0.00
86.74	67.59	0.00
86.74	112.41	0.00
86.74	127.59	0.00
86.74	172.41	0.00
86.74	187.59	0.00
86.74	232.41	0.00
86.74	247.59	0.00
86.74	292.41	0.00
86.74	307.59	0.00
86.74	352.41	0.00
86.97	21.25	0.00
86.97	158.75	0.00
86.97	201.25	0.00
86.97	338.75	0.00
86.97	38.75	0.00
86.97	81.25	0.00
86.97	98.75	0.00
86.97	141.25	0.00
86.97	218.75	0.00
86.97	261.25	0.00
86.97	278.75	0.00
86.97	321.25	0.00
87.68	19.11	0.00
87.68	40.89	0.00
87.68	79.11	0.00
87.68	100.89	0.00
87.68	139.11	0.00
87.68	160.89	0.00
87.68	199.11	0.00
87.68	220.89	0.00
87.68	259.11	0.00
87.68	280.89	0.00
87.68	319.11	0.00
87.68	340.89	0.00
87.92	1.87	0.00
87.92	48.70	0.00
87.92	58.13	0.00
87.92	61.87	0.00
87.92	71.30	0.00
87.92	108.70	0.00
87.92	118.13	0.00
87.92	121.87	0.00
87.92	131.30	0.00
87.92	178.13	0.00
87.92	181.87	0.00
87.92	228.70	0.00
87.92	238.13	0.00
87.92	241.87	0.00
87.92	251.30	0.00
87.92	288.70	0.00
87.92	298.13	0.00
87.92	301.87	0.00
87.92	311.30	0.00
87.92	358.13	0.00
87.92	11.30	0.00
87.92	168.70	0.00
87.92	191.30	0.00
87.92	348.70	0.00
88.39	5.60	0.00
88.39	54.40	0.00
88.39	65.60	0.00
88.39	114.40	0.00
88.39	125.60	0.00
88.39	174.40	0.00
88.39	185.60	0.00
88.39	234.40	0.00
88.39	245.60	0.00
88.39	294.40	0.00
88.39	305.60	0.00
88.39	354.40	0.00
88.55	17.00	0.00
88.55	43.00	0.00
88.55	137.00	0.00
88.55	163.00	0.00
88.55	197.00	0.00
88.55	223.00	0.00
88.55	317.00	0.00
88.55	343.00	0.00
88.55	77.00	0.00
88.55	103.00	0.00
88.55	257.00	0.00
88.55	283.00	0.00
89.33	88.93	0.00
89.33	91.07	0.00
89.33	268.93	0.00
89.33	271.07	0.00
89.33	9.28	0.00
89.33	28.93	0.00
89.33	31.07	0.00
89.33	50.72	0.00
89.33	69.28	0.00
89.33	110.72	0.00
89.33	129.28	0.00
89.33	148.93	0.00
89.33	151.07	0.00
89.33	170.72	0.00
89.33	189.28	0.00
89.33	208.93	0.00
89.33	211.07	0.00
89.33	230.72	0.00
89.33	249.28	0.00
89.33	290.72	0.00
89.33	309.28	0.00
89.33	328.93	0.00
89.33	331.07	0.00
89.33	350.72	0.00
89.49	26.80	0.00
89.49	86.80	0.00
89.49	93.20	0.00
89.49	153.20	0.00
89.49	206.80	0.00
89.49	266.80	0.00
89.49	273.20	0.00
89.49	333.20	0.00
89.49	33.20	0.00
89.49	146.80	0.00
89.49	213.20	0.00
89.49	326.80	0.00
89.57	14.92	0.00
89.57	45.08	0.00
89.57	74.92	0.00
89.57	105.08	0.00
89.57	134.92	0.00
89.57	165.08	0.00
89.57	194.92	0.00
89.57	225.08	0.00
89.57	254.92	0.00
89.57	285.08	0.00
89.57	314.92	0.00
89.57	345.08	0.00
89.80	24.68	0.00
89.80	84.68	0.00
89.80	95.32	0.00
89.80	155.32	0.00
89.80	204.68	0.00
89.80	264.68	0.00
89.80	275.32	0.00
89.80	335.32	0.00
89.80	35.32	0.00
89.80	144.68	0.00
89.80	215.32	0.00
89.80	324.68	0.00
89.96	0.00	0.00
89.96	60.00	0.00
89.96	120.00	0.00
89.96	180.00	0.00
89.96	240.00	0.00
89.96	300.00	0.00
